timestamp [ms],camera transform 0,camera transform 1,camera transform 2,camera transform 3,camera transform 4,camera transform 5,camera transform 6,camera transform 7,camera transform 8,camera transform 9,camera transform 10,camera transform 11,camera transform 12,camera transform 13,camera transform 14,camera transform 15,face transform 0,face transform 1,face transform 2,face transform 3,face transform 4,face transform 5,face transform 6,face transform 7,face transform 8,face transform 9,face transform 10,face transform 11,face transform 12,face transform 13,face transform 14,face transform 15,left eye transform 0,left eye transform 1,left eye transform 2,left eye transform 3,left eye transform 4,left eye transform 5,left eye transform 6,left eye transform 7,left eye transform 8,left eye transform 9,left eye transform 10,left eye transform 11,left eye transform 12,left eye transform 13,left eye transform 14,left eye transform 15,right eye transform 0,right eye transform 1,right eye transform 2,right eye transform 3,right eye transform 4,right eye transform 5,right eye transform 6,right eye transform 7,right eye transform 8,right eye transform 9,right eye transform 10,right eye transform 11,right eye transform 12,right eye transform 13,right eye transform 14,right eye transform 15,camera euler y,camera euler p,camera euler r
1668579963996.0,-0.014636709,-0.8472953,-0.5309206,0.0,0.9998929,-0.01243751,-0.0077165994,0.0,-0.00006509234,-0.5309767,0.8473866,0.0,0.0,0.0,0.0,1.0,0.98287624,0.008089001,-0.18408917,0.0,-0.007411853,0.9999633,0.004366102,0.0,0.18411762,-0.002926922,0.9829002,0.0,0.0174805,0.22956721,-0.52968603,1.0,0.9999162,-0.00038680265,-0.012940348,0.0,0.0,0.99955356,-0.029877864,0.0,0.012946128,0.02987536,0.9994698,0.0,0.031608284,0.027309513,0.025631497,1.0,0.9969188,-0.0023363365,-0.07840544,0.0,0.0,0.9995563,-0.029784923,0.0,0.07844024,0.02969315,0.9964765,0.0,-0.03161191,0.02731289,0.025633225,1.0,0.55975276,-0.0000768154,-1.5854744
1668579964239.0,-0.014633343,-0.84733945,-0.5308501,0.0,0.9998929,-0.012494193,-0.007619766,0.0,-0.00017601596,-0.53090477,0.84743154,0.0,0.0,0.0,0.0,1.0,0.9829808,0.0094667105,-0.18346389,0.0,-0.010982617,0.99991333,-0.0072483653,0.0,0.1833794,0.009139905,0.9829997,0.0,0.018080998,0.23432314,-0.54375863,1.0,0.9994981,-0.0012613485,0.031652052,0.0,0.0,0.9992069,0.039818842,0.0,-0.031677175,-0.03979886,0.99870545,0.0,0.03221221,0.028672308,0.02801035,1.0,0.9993527,0.0014341627,-0.03594565,0.0,0.0,0.999205,0.03986637,0.0,0.03597425,-0.039840564,0.9985582,0.0,-0.03226166,0.028722432,0.028032064,1.0,0.5596679,-0.00020770523,-1.5855404
1668579964262.0,-0.014655639,-0.84732723,-0.5308691,0.0,0.99989253,-0.01253901,-0.007590239,0.0,-0.00022515854,-0.5309234,0.8474199,0.0,0.0,0.0,0.0,1.0,0.98237234,0.008649434,-0.18673465,0.0,-0.013244436,0.99963933,-0.023373626,0.0,0.18646505,0.025434775,0.98213243,0.0,0.018558728,0.24039125,-0.5605958,1.0,0.9974941,-0.008574348,0.07022796,0.0,0.0,0.99262893,0.12119313,0.0,-0.070749454,-0.12088943,0.9901415,0.0,0.032932747,0.030298242,0.030848546,1.0,0.9999986,-0.00020052872,0.0016367447,0.0,0.0,0.99257827,0.12160752,0.0,-0.001648983,-0.121607356,0.9925769,0.0,-0.033036865,0.03040416,0.030894097,1.0,0.5596899,-0.00026569888,-1.5855936
1668579964278.0,-0.014657846,-0.8473137,-0.5308906,0.0,0.99989253,-0.012549766,-0.007577238,0.0,-0.0002422549,-0.5309446,0.8474066,0.0,0.0,0.0,0.0,1.0,0.9820672,0.009114103,-0.18830992,0.0,-0.015087174,0.9994267,-0.030310411,0.0,0.18792568,0.032607917,0.9816418,0.0,0.018777035,0.2421456,-0.5651332,1.0,0.99717176,-0.010376979,0.07443625,0.0,0.0,0.9904221,0.13807237,0.0,-0.075156085,-0.13768187,0.98762095,0.0,0.03312017,0.030721169,0.031586792,1.0,0.99998516,-0.0007551264,0.0053962492,0.0,0.0,0.99035054,0.13858512,0.0,-0.0054488275,-0.13858306,0.9903358,0.0,-0.033238508,0.030841598,0.031638544,1.0,0.55971485,-0.000285878,-1.5856065
1668579964295.0,-0.014665063,-0.8473148,-0.53088874,0.0,0.9998924,-0.012564529,-0.0075672693,0.0,-0.0002585085,-0.5309426,0.8474078,0.0,0.0,0.0,0.0,1.0,0.9818293,0.009032332,-0.18955183,0.0,-0.015975907,0.999255,-0.03513539,0.0,0.1890932,0.03752534,0.981242,0.0,0.018901957,0.2426075,-0.56631684,1.0,0.9930285,-0.018697228,0.116382085,0.0,0.0,0.98733974,0.15861991,0.0,-0.11787441,-0.1575141,0.98045653,0.0,0.033188492,0.03087534,0.031855904,1.0,0.998856,-0.007634982,0.047205377,0.0,0.0,0.9871713,0.15966475,0.0,-0.047818832,-0.15948209,0.98604196,0.0,-0.03331201,0.031001057,0.031909917,1.0,0.5597125,-0.00030505794,-1.5856239
1668579964312.0,-0.014665122,-0.8473126,-0.530892,0.0,0.9998924,-0.012552121,-0.0075871875,0.0,-0.00023510217,-0.53094625,0.84740555,0.0,0.0,0.0,0.0,1.0,0.98144305,0.008816094,-0.19155185,0.0,-0.016487775,0.9991229,-0.038493264,0.0,0.19104446,0.040937085,0.98072743,0.0,0.018926384,0.24271232,-0.5664012,1.0,0.9893247,-0.025200022,0.14353271,0.0,0.0,0.984935,0.17292492,0.0,-0.14572811,-0.17107889,0.9744205,0.0,0.033188492,0.03087534,0.031855904,1.0,0.99712133,-0.01322231,0.074660935,0.0,0.0,0.9846776,0.17438453,0.0,-0.07582272,-0.17388254,0.98184305,0.0,-0.03331201,0.031001057,0.031909917,1.0,0.5597168,-0.0002774376,-1.5856093
1668579964328.0,-0.014688991,-0.8473129,-0.5308908,0.0,0.9998921,-0.012568938,-0.0076053008,0.0,-0.00022866369,-0.5309453,0.84740615,0.0,0.0,0.0,0.0,1.0,0.9811777,0.008237027,-0.19293135,0.0,-0.016146855,0.99909055,-0.03946182,0.0,0.19243087,0.04183428,0.9804184,0.0,0.018961715,0.24285512,-0.5667403,1.0,0.98883295,-0.025155704,0.14688991,0.0,0.0,0.98565066,0.16879809,0.0,-0.14902838,-0.1669131,0.9746438,0.0,0.033188492,0.03087534,0.031855904,1.0,0.996855,-0.013493048,0.07808975,0.0,0.0,0.9853982,0.17026594,0.0,-0.0792469,-0.16973045,0.9822991,0.0,-0.03331201,0.031001057,0.031909917,1.0,0.5597157,-0.00026983954,-1.5856291
1668579964345.0,-0.014691413,-0.8473138,-0.53088945,0.0,0.999892,-0.012573475,-0.0076026195,0.0,-0.00023332074,-0.5309438,0.8474071,0.0,0.0,0.0,0.0,1.0,0.9808073,0.007770055,-0.19482458,0.0,-0.0155776525,0.99913424,-0.03857516,0.0,0.19435614,0.040869586,0.9800794,0.0,0.019043103,0.24302925,-0.5670391,1.0,0.988104,-0.025632547,0.1516361,0.0,0.0,0.98601186,0.16667533,0.0,-0.15378729,-0.16469255,0.97428226,0.0,0.033188492,0.03087534,0.031855904,1.0,0.9964597,-0.01413939,0.08287383,0.0,0.0,0.98575574,0.1681832,0.0,-0.08407136,-0.16758777,0.9822659,0.0,-0.03331201,0.031001057,0.031909917,1.0,0.55971396,-0.00027533487,-1.5856345
1668579964361.0,-0.014679835,-0.84732604,-0.5308702,0.0,0.9998922,-0.0125805,-0.00756959,0.0,-0.00026470204,-0.53092414,0.84741944,0.0,0.0,0.0,0.0,1.0,0.98035187,0.0077507114,-0.1971048,0.0,-0.0155260665,0.99915975,-0.03793321,0.0,0.19664514,0.040248122,0.97964835,0.0,0.019139223,0.24316986,-0.5672014,1.0,0.9866005,-0.026884196,0.1609244,0.0,0.0,0.98633075,0.16477743,0.0,-0.1631546,-0.1625695,0.97311443,0.0,0.033188492,0.03087534,0.031855904,1.0,0.9955867,-0.0156137,0.09253865,0.0,0.0,0.9860626,0.16637465,0.0,-0.09384663,-0.16564038,0.9817108,0.0,-0.03331201,0.031001057,0.031909917,1.0,0.5596907,-0.00031236248,-1.5856426
1668579964379.0,-0.01468903,-0.84732676,-0.5308689,0.0,0.99989206,-0.012590572,-0.007570832,0.0,-0.0002689745,-0.5309229,0.8474202,0.0,0.0,0.0,0.0,1.0,0.9800053,0.0074403933,-0.1988317,0.0,-0.01526844,0.99916625,-0.03786615,0.0,0.19838417,0.04014483,0.9793018,0.0,0.019215414,0.24315983,-0.5671966,1.0,0.9863192,-0.027260933,0.16257699,0.0,0.0,0.9862314,0.16537142,0.0,-0.1648467,-0.163109,0.9727389,0.0,0.033188492,0.03087534,0.031855904,1.0,0.9954201,-0.015963983,0.09425461,0.0,0.0,0.98595816,0.16699256,0.0,-0.09559697,-0.16622776,0.9814426,0.0,-0.03331201,0.031001057,0.031909917,1.0,0.5596892,-0.0003174039,-1.5856544
1668579964395.0,-0.014739477,-0.8473347,-0.53085476,0.0,0.99989134,-0.01264318,-0.0075818733,0.0,-0.00028730842,-0.5309089,0.847429,0.0,0.0,0.0,0.0,1.0,0.9790113,0.0035543777,-0.20377523,0.0,-0.011559174,0.9992069,-0.03810581,0.0,0.20347814,0.03966136,0.97827584,0.0,0.019867374,0.24255668,-0.5664425,1.0,0.98601073,-0.025378397,0.16473867,0.0,0.0,0.98834103,0.15225637,0.0,-0.166682,-0.15012641,0.97451484,0.0,0.033188492,0.03087534,0.031855904,1.0,0.9952048,-0.015041671,0.09664955,0.0,0.0,0.9881051,0.15377983,0.0,-0.097813025,-0.15304244,0.98336697,0.0,-0.03331201,0.031001057,0.031909917,1.0,0.5596727,-0.00033903538,-1.5857164
1668579964412.0,-0.014727713,-0.8473302,-0.5308624,0.0,0.9998915,-0.012637181,-0.007569293,0.0,-0.00029491374,-0.5309163,0.8474244,0.0,0.0,0.0,0.0,1.0,0.97902304,0.003108163,-0.20372647,0.0,-0.011104851,0.99921167,-0.038120728,0.0,0.20344731,0.03958342,0.9782856,0.0,0.01990973,0.24243245,-0.5662577,1.0,0.98623365,-0.024999313,0.1634571,0.0,0.0,0.9885058,0.15118319,0.0,-0.16535775,-0.14910194,0.9748977,0.0,0.033188492,0.03087534,0.031855904,1.0,0.99533623,-0.014728845,0.095335566,0.0,0.0,0.9882752,0.15268333,0.0,-0.09646662,-0.15197125,0.98366606,0.0,-0.03331201,0.031001057,0.031909917,1.0,0.5596814,-0.00034801185,-1.5857093
1668579964429.0,-0.014736377,-0.8473275,-0.5308663,0.0,0.9998914,-0.012644765,-0.007573508,0.0,-0.00029543802,-0.53092027,0.84742177,0.0,0.0,0.0,0.0,1.0,0.97908586,0.0030394031,-0.2034242,0.0,-0.011012145,0.99921423,-0.038072295,0.0,0.20314865,0.039516114,0.9783501,0.0,0.019939408,0.24237204,-0.5662115,1.0,0.9863565,-0.024870913,0.16273388,0.0,0.0,0.98852193,0.1510776,0.0,-0.16462344,-0.14901637,0.975035,0.0,0.033188492,0.03087534,0.031855904,1.0,0.9954091,-0.014602736,0.09459171,0.0,0.0,0.9882928,0.15256917,0.0,-0.09571223,-0.15186875,0.98375565,0.0,-0.03331201,0.031001057,0.031909917,1.0,0.5596861,-0.0003486316,-1.5857184
1668579964445.0,-0.01472811,-0.84732723,-0.5308669,0.0,0.9998915,-0.012640136,-0.007565326,0.0,-0.00029992277,-0.53092074,0.84742147,0.0,0.0,0.0,0.0,1.0,0.9791779,0.0031847095,-0.20298013,0.0,-0.011072148,0.99922657,-0.037734475,0.0,0.20270295,0.039196044,0.97845554,0.0,0.019969128,0.24231556,-0.5661808,1.0,0.9865423,-0.024819937,0.16161165,0.0,0.0,0.98841155,0.15179792,0.0,-0.16350643,-0.14975506,0.97510976,0.0,0.033188492,0.03087534,0.031855904,1.0,0.995521,-0.01449157,0.09342315,0.0,0.0,0.9881821,0.15328439,0.0,-0.09454042,-0.15259783,0.98375607,0.0,-0.03331201,0.031001057,0.031909917,1.0,0.5596867,-0.00035392397,-1.5857129
1668579964462.0,-0.014732934,-0.8473365,-0.5308522,0.0,0.99989146,-0.012653823,-0.0075525553,0.0,-0.0003177557,-0.5309059,0.8474309,0.0,0.0,0.0,0.0,1.0,0.9792565,0.0035412228,-0.20259316,0.0,-0.011223496,0.99926025,-0.036783434,0.0,0.20231305,0.038294267,0.9785719,0.0,0.019981714,0.24230282,-0.5662331,1.0,0.9867281,-0.02488083,0.16046387,0.0,0.0,0.98819137,0.15322466,0.0,-0.16238137,-0.15119107,0.97507614,0.0,0.033188492,0.03087534,0.031855904,1.0,0.9956351,-0.014439525,0.09220777,0.0,0.0,0.98795956,0.15471222,0.0,-0.093331516,-0.15403691,0.9836472,0.0,-0.03331201,0.031001057,0.031909917,1.0,0.5596692,-0.00037496354,-1.5857289
1668579964479.0,-0.0147322435,-0.84733903,-0.53084815,0.0,0.9998914,-0.012651512,-0.0075549413,0.0,-0.0003144359,-0.5309018,0.8474334,0.0,0.0,0.0,0.0,1.0,0.9793759,0.0038171255,-0.2020104,0.0,-0.01120111,0.9993099,-0.03542193,0.0,0.20173569,0.0369543,0.9787428,0.0,0.019983415,0.24234574,-0.56636846,1.0,0.9871062,-0.024676803,0.15815315,0.0,0.0,0.988045,0.1541657,0.0,-0.16006675,-0.15217791,0.9753053,0.0,0.033188492,0.03087534,0.031855904,1.0,0.9958578,-0.01415123,0.08981666,0.0,0.0,0.9878143,0.1556369,0.0,-0.09092464,-0.15499222,0.98372257,0.0,-0.03331201,0.031001057,0.031909917,1.0,0.55966437,-0.00037104494,-1.5857261
1668579964495.0,-0.014732235,-0.84733766,-0.53085035,0.0,0.9998914,-0.012659578,-0.0075420537,0.0,-0.0003296754,-0.5309038,0.84743214,0.0,0.0,0.0,0.0,1.0,0.9794903,0.003958382,-0.2014522,0.0,-0.011105004,0.9993479,-0.034357656,0.0,0.20118484,0.035890125,0.97889555,0.0,0.019998644,0.24239221,-0.56653726,1.0,0.9875155,-0.024702068,0.15557277,0.0,0.0,0.9876277,0.15681694,0.0,-0.15752168,-0.15485917,0.97529763,0.0,0.033188492,0.03087534,0.031855904,1.0,0.9960984,-0.013968445,0.0871371,0.0,0.0,0.98739374,0.15828338,0.0,-0.0882496,-0.15766582,0.9835413,0.0,-0.03331201,0.031001057,0.031909917,1.0,0.55966675,-0.00038902863,-1.5857357
1668579964512.0,-0.014735921,-0.8473454,-0.5308378,0.0,0.99989134,-0.012668198,-0.0075352266,0.0,-0.00033981918,-0.5308912,0.84744,0.0,0.0,0.0,0.0,1.0,0.97958064,0.0043829735,-0.20100366,0.0,-0.011275806,0.9993864,-0.033160117,0.0,0.20073497,0.034749445,0.97902906,0.0,0.020015854,0.24240929,-0.5666838,1.0,0.9877728,-0.02467593,0.15393505,0.0,0.0,0.9873942,0.15828021,0.0,-0.15590028,-0.15634489,0.9753212,0.0,0.033188492,0.03087534,0.031855904,1.0,0.9962471,-0.013826318,0.08544301,0.0,0.0,0.9871589,0.15974124,0.0,-0.08655447,-0.15914175,0.9834542,0.0,-0.03331201,0.031001057,0.031909917,1.0,0.55965185,-0.00040099493,-1.5857457
1668579964529.0,-0.014743286,-0.84734726,-0.5308347,0.0,0.9998912,-0.012675373,-0.0075376467,0.0,-0.0003415224,-0.53088814,0.84744203,0.0,0.0,0.0,0.0,1.0,0.9797141,0.004416532,-0.20035106,0.0,-0.011073741,0.99942285,-0.032119393,0.0,0.20009352,0.03368627,0.9791976,0.0,0.019999417,0.2423516,-0.5667024,1.0,0.9881819,-0.02447148,0.15131985,0.0,0.0,0.98717433,0.15964605,0.0,-0.15328585,-0.15775934,0.9755078,0.0,0.033188492,0.03087534,0.031855904,1.0,0.9964793,-0.013505697,0.08274471,0.0,0.0,0.9869398,0.16108957,0.0,-0.08383968,-0.16052242,0.983465,0.0,-0.03331201,0.031001057,0.031909917,1.0,0.5596482,-0.00040300383,-1.5857542
1668579964545.0,-0.014773215,-0.8473554,-0.5308207,0.0,0.9998908,-0.012694993,-0.0075626913,0.0,-0.00033047807,-0.53087455,0.8474505,0.0,0.0,0.0,0.0,1.0,0.97980165,0.0049289386,-0.19991118,0.0,-0.011360617,0.9994537,-0.031038282,0.0,0.19964895,0.032682437,0.97932243,0.0,0.019995803,0.24235028,-0.56682265,1.0,0.9882862,-0.02459836,0.15061662,0.0,0.0,0.98692465,0.16118227,0.0,-0.15261208,-0.15929422,0.975364,0.0,0.033188492,0.03087534,0.031855904,1.0,0.9965398,-0.013517434,0.08201086,0.0,0.0,0.986687,0.16263062,0.0,-0.083117396,-0.16206788,0.98327285,0.0,-0.03331201,0.031001057,0.031909917,1.0,0.5596322,-0.00038996738,-1.5857772
1668579964562.0,-0.01477987,-0.84736097,-0.53081185,0.0,0.99989074,-0.012696434,-0.007572924,0.0,-0.00032241645,-0.5308657,0.84745604,0.0,0.0,0.0,0.0,1.0,0.9799359,0.005374074,-0.19923934,0.0,-0.011609201,0.9994784,-0.030139748,0.0,0.19897339,0.03184804,0.97948736,0.0,0.019991618,0.24229169,-0.56685066,1.0,0.98840004,-0.024831008,0.14982934,0.0,0.0,0.9865436,0.16349849,0.0,-0.151873,-0.16160192,0.97509974,0.0,0.033188492,0.03087534,0.031855904,1.0,0.99660754,-0.013576064,0.08117306,0.0,0.0,0.9863007,0.16495721,0.0,-0.08230052,-0.1643976,0.98295474,0.0,-0.03331201,0.031001057,0.031909917,1.0,0.5596218,-0.0003804521,-1.5857787
1668579964579.0,-0.014781358,-0.8473569,-0.53081816,0.0,0.9998907,-0.012697264,-0.007574401,0.0,-0.00032171805,-0.5308721,0.847452,0.0,0.0,0.0,0.0,1.0,0.98001486,0.005233398,-0.19885458,0.0,-0.011327671,0.9994999,-0.029521737,0.0,0.19860063,0.031184249,0.9795842,0.0,0.019969612,0.24226001,-0.5668658,1.0,0.98841816,-0.024899518,0.14969802,0.0,0.0,0.98644745,0.16407743,0.0,-0.15175468,-0.16217712,0.97502255,0.0,0.033188492,0.03087534,0.031855904,1.0,0.9966186,-0.013601798,0.08103295,0.0,0.0,0.9862032,0.1655393,0.0,-0.08216658,-0.16497955,0.9828685,0.0,-0.03331201,0.031001057,0.031909917,1.0,0.5596293,-0.0003796298,-1.5857798
1668579964596.0,-0.014784043,-0.8473437,-0.5308391,0.0,0.9998907,-0.012698458,-0.0075775688,0.0,-0.00032003346,-0.53089315,0.8474387,0.0,0.0,0.0,0.0,1.0,0.98014915,0.0056822314,-0.19818057,0.0,-0.011608338,0.9995192,-0.028753603,0.0,0.19792187,0.030483397,0.9797436,0.0,0.019980635,0.24229185,-0.56698436,1.0,0.9884583,-0.024878785,0.14943665,0.0,0.0,0.98642313,0.16422349,0.0,-0.15149346,-0.16232806,0.9750381,0.0,0.033188492,0.03087534,0.031855904,1.0,0.9966415,-0.013567501,0.0807562,0.0,0.0,0.98617893,0.16568366,0.0,-0.08188798,-0.16512722,0.9828669,0.0,-0.03331201,0.031001057,0.031909917,1.0,0.5596542,-0.0003776479,-1.5857815
1668579964612.0,-0.014777893,-0.84734774,-0.5308329,0.0,0.99989074,-0.012685639,-0.007586445,0.0,-0.00030559857,-0.53088707,0.8474427,0.0,0.0,0.0,0.0,1.0,0.9802806,0.005707017,-0.19752832,0.0,-0.01165179,0.9995131,-0.02894676,0.0,0.1972669,0.030677466,0.9798698,0.0,0.019993836,0.24220076,-0.5669396,1.0,0.98838717,-0.025212726,0.14985026,0.0,0.0,0.9861391,0.16592066,0.0,-0.15195651,-0.16399385,0.9746873,0.0,0.033188492,0.03087534,0.031855904,1.0,0.99660504,-0.013782171,0.08116921,0.0,0.0,0.98588914,0.16739959,0.0,-0.08233097,-0.16683127,0.9825421,0.0,-0.03331201,0.031001057,0.031909917,1.0,0.55964696,-0.00036061267,-1.5857662
1668579964629.0,-0.014777949,-0.84735155,-0.53082687,0.0,0.9998908,-0.012686169,-0.0075857,0.0,-0.00030640408,-0.530881,0.8474465,0.0,0.0,0.0,0.0,1.0,0.9802869,0.0054244148,-0.19750516,0.0,-0.011280538,0.99952924,-0.028537527,0.0,0.19725735,0.030202879,0.9798865,0.0,0.020011107,0.24214642,-0.5668984,1.0,0.9883441,-0.025269035,0.15012477,0.0,0.0,0.9861282,0.16598532,0.0,-0.15223657,-0.16405061,0.974634,0.0,0.033188492,0.03087534,0.031855904,1.0,0.99658227,-0.013833968,0.08143992,0.0,0.0,0.98587745,0.1674682,0.0,-0.08260653,-0.16689584,0.982508,0.0,-0.03331201,0.031001057,0.031909917,1.0,0.5596398,-0.00036156154,-1.5857668
1668579964646.0,-0.014785311,-0.8473614,-0.5308108,0.0,0.9998906,-0.012698295,-0.007580195,0.0,-0.00031722675,-0.5308648,0.8474565,0.0,0.0,0.0,0.0,1.0,0.98036915,0.005794368,-0.19708553,0.0,-0.011549351,0.9995393,-0.028063672,0.0,0.19683212,0.029788971,0.9799846,0.0,0.02007719,0.24207892,-0.566839,1.0,0.98819596,-0.025666244,0.15102966,0.0,0.0,0.98586535,0.16753967,0.0,-0.15319502,-0.16556202,0.97422814,0.0,0.033188492,0.03087534,0.031855904,1.0,0.9965034,-0.014124168,0.08234974,0.0,0.0,0.98560816,0.16904601,0.0,-0.08355221,-0.16845493,0.9821619,0.0,-0.03331201,0.031001057,0.031909917,1.0,0.5596207,-0.00037432802,-1.5857809
1668579964663.0,-0.0147791,-0.8473783,-0.53078413,0.0,0.99989074,-0.012698365,-0.007568366,0.0,-0.00032682018,-0.53083795,0.84747344,0.0,0.0,0.0,0.0,1.0,0.98042136,0.0056271087,-0.19683088,0.0,-0.011290122,0.99955374,-0.027660875,0.0,0.19658732,0.029341469,0.98004735,0.0,0.020121513,0.2420133,-0.56676376,1.0,0.9880704,-0.025863033,0.15181552,0.0,0.0,0.9857974,0.16793877,0.0,-0.15400276,-0.16593534,0.9740373,0.0,0.033188492,0.03087534,0.031855904,1.0,0.99643433,-0.014297443,0.083151534,0.0,0.0,0.98553747,0.16945769,0.0,-0.08437176,-0.16885346,0.98202336,0.0,-0.03331201,0.031001057,0.031909917,1.0,0.559589,-0.0003856406,-1.5857806
1668579964679.0,-0.014787464,-0.8473735,-0.5307916,0.0,0.9998906,-0.012707488,-0.0075695654,0.0,-0.0003307779,-0.53084546,0.8474687,0.0,0.0,0.0,0.0,1.0,0.98049015,0.005523843,-0.19649053,0.0,-0.011027422,0.9995766,-0.026926236,0.0,0.19625859,0.028567664,0.980136,0.0,0.02017071,0.24197301,-0.5667043,1.0,0.9879691,-0.025920153,0.15246378,0.0,0.0,0.98585445,0.16760373,0.0,-0.1546514,-0.1655873,0.9739937,0.0,0.033188492,0.03087534,0.031855904,1.0,0.9963775,-0.01438265,0.08381518,0.0,0.0,0.98559415,0.16912755,0.0,-0.08504026,-0.16851489,0.9820239,0.0,-0.03331201,0.031001057,0.031909917,1.0,0.5595979,-0.0003903128,-1.5857915
1668579964696.0,-0.01482272,-0.8473603,-0.5308116,0.0,0.9998901,-0.01274778,-0.0075716698,0.0,-0.00035073777,-0.5308655,0.84745616,0.0,0.0,0.0,0.0,1.0,0.98046285,0.005527695,-0.19662693,0.0,-0.010996805,0.99958223,-0.026733842,0.0,0.19639695,0.028373655,0.98011404,0.0,0.020223051,0.24197516,-0.5667016,1.0,0.9877045,-0.026218716,0.15411799,0.0,0.0,0.98583615,0.1677115,0.0,-0.15633225,-0.1656494,0.9737148,0.0,0.033188492,0.03087534,0.031855904,1.0,0.9962298,-0.014683492,0.085501626,0.0,0.0,0.98557216,0.16925573,0.0,-0.08675329,-0.1686176,0.9818564,0.0,-0.03331201,0.031001057,0.031909917,1.0,0.5596215,-0.00041387125,-1.5858393
1668579964712.0,-0.014831873,-0.8473742,-0.5307892,0.0,0.9998899,-0.01275709,-0.007574031,0.0,-0.00035328744,-0.53084314,0.8474702,0.0,0.0,0.0,0.0,1.0,0.9804219,0.005080914,-0.19684228,0.0,-0.0104983635,0.99959415,-0.026488291,0.0,0.1966277,0.028036205,0.9800775,0.0,0.020284068,0.24199282,-0.5667622,1.0,0.9875398,-0.026333863,0.1551502,0.0,0.0,0.98589957,0.16733812,0.0,-0.15736918,-0.16525306,0.9736151,0.0,0.033188492,0.03087534,0.031855904,1.0,0.99613714,-0.014830522,0.0865495,0.0,0.0,0.9856346,0.16889152,0.0,-0.08781093,-0.16823912,0.98182726,0.0,-0.03331201,0.031001057,0.031909917,1.0,0.55959517,-0.00041687296,-1.58585
1668579964729.0,-0.014838075,-0.8473688,-0.5307976,0.0,0.99988985,-0.012757838,-0.0075845295,0.0,-0.0003449353,-0.53085166,0.84746474,0.0,0.0,0.0,0.0,1.0,0.9803409,0.004976788,-0.19724753,0.0,-0.010386601,0.99959755,-0.026401566,0.0,0.1970367,0.027931226,0.9799983,0.0,0.0203258,0.24196616,-0.56673807,1.0,0.9873713,-0.026446782,0.15619989,0.0,0.0,0.98596746,0.16693781,0.0,-0.15842296,-0.16482961,0.973516,0.0,0.033188492,0.03087534,0.031855904,1.0,0.99604136,-0.0149782095,0.087620325,0.0,0.0,0.9857016,0.16850023,0.0,-0.08889133,-0.1678332,0.9817996,0.0,-0.03331201,0.031001057,0.031909917,1.0,0.5596052,-0.00040702024,-1.5858511
1668579964746.0,-0.014839462,-0.8473526,-0.53082335,0.0,0.99988985,-0.012764395,-0.0075766896,0.0,-0.00035551217,-0.5308773,0.84744865,0.0,0.0,0.0,0.0,1.0,0.9801576,0.004551302,-0.1981675,0.0,-0.010043465,0.9995926,-0.026718462,0.0,0.19796513,0.028178519,0.979804,0.0,0.020387886,0.24194604,-0.5666354,1.0,0.9872143,-0.026629126,0.15715848,0.0,0.0,0.9859467,0.16706002,0.0,-0.15939856,-0.16492404,0.97334075,0.0,0.033188492,0.03087534,0.031855904,1.0,0.99595374,-0.015154777,0.088580295,0.0,0.0,0.98567855,0.16863501,0.0,-0.08986732,-0.16795267,0.9816902,0.0,-0.03331201,0.031001057,0.031909917,1.0,0.55963546,-0.00041950878,-1.5858591
1668579964763.0,-0.014844277,-0.84736925,-0.53079665,0.0,0.99988973,-0.012771767,-0.007573974,0.0,-0.00036125685,-0.5308505,0.84746546,0.0,0.0,0.0,0.0,1.0,0.9800657,0.004237457,-0.1986286,0.0,-0.009792379,0.99958783,-0.02699241,0.0,0.19843228,0.028399428,0.97970325,0.0,0.020449914,0.24194275,-0.56667227,1.0,0.9869403,-0.026870836,0.15882947,0.0,0.0,0.98598903,0.16681004,0.0,-0.16108644,-0.16463155,0.97311234,0.0,0.033188492,0.03087534,0.031855904,1.0,0.99579686,-0.01542392,0.09028145,0.0,0.0,0.9857183,0.1684027,0.0,-0.0915895,-0.16769488,0.9815752,0.0,-0.03331201,0.031001057,0.031909917,1.0,0.55960387,-0.00042627912,-1.5858674
1668579964779.0,-0.014854347,-0.84736323,-0.53080606,0.0,0.9998896,-0.012782538,-0.007575756,0.0,-0.00036563177,-0.53085995,0.84745955,0.0,0.0,0.0,0.0,1.0,0.97994995,0.004053744,-0.19920306,0.0,-0.009753678,0.9995705,-0.027640706,0.0,0.19900541,0.0290294,0.97956854,0.0,0.020495115,0.24188152,-0.56656176,1.0,0.9867682,-0.026787797,0.15990938,0.0,0.0,0.9862573,0.16521646,0.0,-0.16213758,-0.16303034,0.97320735,0.0,0.033188492,0.03087534,0.031855904,1.0,0.9956954,-0.015460729,0.09138731,0.0,0.0,0.98598945,0.1668078,0.0,-0.092685886,-0.16608976,0.9817452,0.0,-0.03331201,0.031001057,0.031909917,1.0,0.55961496,-0.0004314445,-1.5858803
1668579964796.0,-0.014873062,-0.8473648,-0.5308031,0.0,0.9998894,-0.012788391,-0.007601665,0.0,-0.00034673535,-0.5308574,0.84746116,0.0,0.0,0.0,0.0,1.0,0.97979504,0.0037204267,-0.19996926,0.0,-0.009592984,0.9995504,-0.02840647,0.0,0.19977368,0.029750722,0.9793903,0.0,0.020578554,0.2419331,-0.56668216,1.0,0.98646957,-0.027115116,0.16168669,0.0,0.0,0.9862279,0.165392,0.0,-0.16394454,-0.16315417,0.9728838,0.0,0.033188492,0.03087534,0.031855904,1.0,0.9955229,-0.01578549,0.09319313,0.0,0.0,0.9859559,0.16700584,0.0,-0.094520584,-0.16625814,0.9815417,0.0,-0.03331201,0.031001057,0.031909917,1.0,0.559612,-0.00040914599,-1.5858872
1668579964813.0,-0.014871858,-0.8473734,-0.53078914,0.0,0.9998894,-0.012791808,-0.0075939302,0.0,-0.00035485748,-0.5308434,0.8474699,0.0,0.0,0.0,0.0,1.0,0.97973025,0.0036044754,-0.20028855,0.0,-0.0095071765,0.9995481,-0.028517127,0.0,0.2000952,0.029843135,0.97932196,0.0,0.02062716,0.24193028,-0.56673133,1.0,0.98631746,-0.02719965,0.16259798,0.0,0.0,0.9862954,0.16498907,0.0,-0.16485728,-0.1627316,0.9728004,0.0,0.033188492,0.03087534,0.031855904,1.0,0.9954325,-0.01590586,0.09413341,0.0,0.0,0.9860229,0.16660975,0.0,-0.09546777,-0.16584876,0.9815192,0.0,-0.03331201,0.031001057,0.031909917,1.0,0.5595954,-0.00041872571,-1.585891
1668579964829.0,-0.014871137,-0.8473773,-0.53078306,0.0,0.9998894,-0.012796165,-0.0075856107,0.0,-0.00036411476,-0.5308372,0.8474738,0.0,0.0,0.0,0.0,1.0,0.97971046,0.003412604,-0.20039047,0.0,-0.009326121,0.99954844,-0.028573351,0.0,0.20020242,0.029862458,0.97929955,0.0,0.0206666,0.2418798,-0.56665367,1.0,0.9861197,-0.027422985,0.16375576,0.0,0.0,0.9862663,0.16516285,0.0,-0.16603604,-0.16287033,0.9725766,0.0,0.033188492,0.03087534,0.031855904,1.0,0.9953162,-0.016124835,0.09531832,0.0,0.0,0.985991,0.1667984,0.0,-0.0966726,-0.16601714,0.98137283,0.0,-0.03331201,0.031001057,0.031909917,1.0,0.55958813,-0.0004296472,-1.5858961
1668579964846.0,-0.014864825,-0.8473686,-0.5307971,0.0,0.9998895,-0.012798987,-0.0075692246,0.0,-0.00037974166,-0.53085095,0.8474652,0.0,0.0,0.0,0.0,1.0,0.9796594,0.0030300263,-0.2006444,0.0,-0.008936989,0.9995527,-0.028540635,0.0,0.20046812,0.029753426,0.97924834,0.0,0.020692864,0.24187912,-0.5666829,1.0,0.98608726,-0.027488261,0.16393991,0.0,0.0,0.9862325,0.16536435,0.0,-0.16622846,-0.16306369,0.97251135,0.0,0.033188492,0.03087534,0.031855904,1.0,0.9952967,-0.01617827,0.09551317,0.0,0.0,0.98595625,0.16700386,0.0,-0.09687364,-0.16621839,0.981319,0.0,-0.03331201,0.031001057,0.031909917,1.0,0.55960435,-0.0004480911,-1.5858996
1668579964863.0,-0.014900548,-0.8473703,-0.53079337,0.0,0.9998889,-0.012833827,-0.0075808987,0.0,-0.00038828191,-0.5308474,0.8474674,0.0,0.0,0.0,0.0,1.0,0.9797403,0.002570952,-0.20025596,0.0,-0.008396701,0.9995658,-0.02824772,0.0,0.20009634,0.029356776,0.9793365,0.0,0.020698873,0.24183331,-0.5666261,1.0,0.9861093,-0.02742176,0.16381857,0.0,0.0,0.9862778,0.16509406,0.0,-0.16609779,-0.16280079,0.97257775,0.0,0.033188492,0.03087534,0.031855904,1.0,0.9953087,-0.016131094,0.09539584,0.0,0.0,0.9860027,0.16672951,0.0,-0.09675008,-0.16594733,0.98137707,0.0,-0.03331201,0.031001057,0.031909917,1.0,0.5596001,-0.00045816734,-1.5859406
1668579964879.0,-0.01490749,-0.84736294,-0.530805,0.0,0.9998888,-0.012838384,-0.0075867088,0.0,-0.0003859818,-0.53085905,0.8474601,0.0,0.0,0.0,0.0,1.0,0.97978586,0.0021579138,-0.2000367,0.0,-0.007953369,0.99957144,-0.02817286,0.0,0.19989014,0.029194376,0.9793832,0.0,0.020716662,0.24177115,-0.5665878,1.0,0.9861585,-0.0271987,0.16355945,0.0,0.0,0.9864537,0.16403979,0.0,-0.1658055,-0.16176923,0.9727997,0.0,0.033188492,0.03087534,0.031855904,1.0,0.99533415,-0.015984448,0.09515495,0.0,0.0,0.9861826,0.16566226,0.0,-0.09648817,-0.1648893,0.9815812,0.0,-0.03331201,0.031001057,0.031909917,1.0,0.55961394,-0.0004554572,-1.5859462
1668579964896.0,-0.014904585,-0.84734476,-0.530834,0.0,0.99988884,-0.012844335,-0.0075717624,0.0,-0.00040231735,-0.53088796,0.84744203,0.0,0.0,0.0,0.0,1.0,0.979861,0.0017110296,-0.19967334,0.0,-0.0075281984,0.999569,-0.0283779,0.0,0.19953871,0.02930953,0.9794514,0.0,0.020758435,0.24169661,-0.56652606,1.0,0.98631775,-0.026894739,0.16264674,0.0,0.0,0.98660266,0.16314143,0.0,-0.16485536,-0.1609093,0.9731037,0.0,0.033188492,0.03087534,0.031855904,1.0,0.99542624,-0.0157386,0.09422763,0.0,0.0,0.9863362,0.16474521,0.0,-0.095532976,-0.1639917,0.9818249,0.0,-0.03331201,0.031001057,0.031909917,1.0,0.55964804,-0.00047474317,-1.5859535
1668579964913.0,-0.014907757,-0.8473581,-0.53081286,0.0,0.99988884,-0.012852286,-0.007565027,0.0,-0.0004118717,-0.53086656,0.84745544,0.0,0.0,0.0,0.0,1.0,0.97988063,0.0016801971,-0.1995778,0.0,-0.0074700825,0.9995728,-0.028261328,0.0,0.19944498,0.02918343,0.9794746,0.0,0.020796236,0.24166344,-0.5665568,1.0,0.98628706,-0.026834836,0.16284272,0.0,0.0,0.98669255,0.16259697,0.0,-0.16503897,-0.1603673,0.9731621,0.0,0.033188492,0.03087534,0.031855904,1.0,0.995406,-0.015720982,0.09444465,0.0,0.0,0.9864274,0.16419785,0.0,-0.09574414,-0.16344352,0.98189574,0.0,-0.03331201,0.031001057,0.031909917,1.0,0.55962276,-0.0004860098,-1.5859627
1668579964929.0,-0.014903931,-0.8473641,-0.5308033,0.0,0.99988884,-0.012855686,-0.007552385,0.0,-0.00042422066,-0.5308569,0.8474615,0.0,0.0,0.0,0.0,1.0,0.9798816,0.0017419147,-0.19957316,0.0,-0.007573421,0.9995665,-0.028460154,0.0,0.19943699,0.029399075,0.9794697,0.0,0.020828862,0.24156383,-0.56650895,1.0,0.9864745,-0.026508294,0.16175693,0.0,0.0,0.9868367,0.16172016,0.0,-0.16391459,-0.15953282,0.9734892,0.0,0.033188492,0.03087534,0.031855904,1.0,0.9955133,-0.015451777,0.09335161,0.0,0.0,0.9865764,0.16330042,0.0,-0.09462178,-0.16256775,0.9821499,0.0,-0.03331201,0.031001057,0.031909917,1.0,0.5596114,-0.000500578,-1.5859666
1668579964946.0,-0.014904203,-0.84736526,-0.5308016,0.0,0.99988884,-0.012845649,-0.0075689186,0.0,-0.00040485305,-0.5308554,0.8474625,0.0,0.0,0.0,0.0,1.0,0.9798884,0.0015523597,-0.19954096,0.0,-0.0072728735,0.99958354,-0.027938612,0.0,0.19941439,0.028827997,0.9794915,0.0,0.020866489,0.24155289,-0.56649816,1.0,0.98638386,-0.026604278,0.16229318,0.0,0.0,0.9868288,0.16176815,0.0,-0.1644593,-0.1595655,0.973392,0.0,0.033188492,0.03087534,0.031855904,1.0,0.9954604,-0.015547585,0.09389819,0.0,0.0,0.9865674,0.16335501,0.0,-0.09517667,-0.16261344,0.98208874,0.0,-0.03331201,0.031001057,0.031909917,1.0,0.55960965,-0.00047772384,-1.5859547
1668579964963.0,-0.0148979705,-0.84736854,-0.5307964,0.0,0.99988896,-0.012843361,-0.007560824,0.0,-0.00041040595,-0.53085005,0.8474657,0.0,0.0,0.0,0.0,1.0,0.9798857,0.0016207185,-0.19955324,0.0,-0.0073588397,0.99958044,-0.028016271,0.0,0.19942412,0.028921425,0.9794864,0.0,0.02091587,0.24158768,-0.5666424,1.0,0.9865199,-0.026218392,0.16152745,0.0,0.0,0.9870816,0.16021854,0.0,-0.16364144,-0.15805878,0.9737756,0.0,0.033407316,0.0307852,0.032077823,1.0,0.99558175,-0.015191117,0.0926617,0.0,0.0,0.98682654,0.16178203,0.0,-0.09389867,-0.16106723,0.98246646,0.0,-0.033513505,0.030903012,0.032134686,1.0,0.5596033,-0.00048427438,-1.5859519
1668579964980.0,-0.014885986,-0.84737027,-0.53079396,0.0,0.9998891,-0.012835749,-0.007550398,0.0,-0.00041515517,-0.5308475,0.8474674,0.0,0.0,0.0,0.0,1.0,0.9798443,0.0016426498,-0.19975658,0.0,-0.007388099,0.9995801,-0.028020328,0.0,0.19962664,0.028931355,0.9794451,0.0,0.020945618,0.24156164,-0.56669515,1.0,0.98666155,-0.025878917,0.160715,0.0,0.0,0.98728245,0.15897582,0.0,-0.16278523,-0.15685533,0.97411364,0.0,0.033407316,0.0307852,0.032077823,1.0,0.9956626,-0.014934219,0.09183062,0.0,0.0,0.9870328,0.16051905,0.0,-0.093037054,-0.15982282,0.98275167,0.0,-0.033513505,0.030903012,0.032134686,1.0,0.5596003,-0.0004898774,-1.5859429
1668579964997.0,-0.014881418,-0.8473647,-0.5308029,0.0,0.9998892,-0.012837742,-0.007538619,0.0,-0.0004263513,-0.53085625,0.8474619,0.0,0.0,0.0,0.0,1.0,0.9797596,0.0017865992,-0.2001702,0.0,-0.0075429827,0.9995796,-0.027998472,0.0,0.200036,0.028941732,0.97936106,0.0,0.021002002,0.24159142,-0.56677735,1.0,0.98697245,-0.025423793,0.15886772,0.0,0.0,0.9874358,0.15802054,0.0,-0.16088916,-0.15596192,0.97457194,0.0,0.033407316,0.0307852,0.032077823,1.0,0.99584,-0.014536569,0.08995165,0.0,0.0,0.98719233,0.15953448,0.0,-0.09111866,-0.15887082,0.98308563,0.0,-0.033513505,0.030903012,0.032134686,1.0,0.5596106,-0.00050309196,-1.5859454
1668579965013.0,-0.014878496,-0.84736645,-0.5308003,0.0,0.9998892,-0.012840231,-0.007529138,0.0,-0.00043565888,-0.53085345,0.84746367,0.0,0.0,0.0,0.0,1.0,0.97972745,0.002070729,-0.20032488,0.0,-0.007901425,0.9995681,-0.028310956,0.0,0.20017971,0.029319957,0.9793206,0.0,0.021059563,0.24164623,-0.5669489,1.0,0.9869137,-0.025462857,0.15922642,0.0,0.0,0.9874536,0.15790966,0.0,-0.16124952,-0.1558432,0.9745315,0.0,0.033407316,0.0307852,0.032077823,1.0,0.9958061,-0.014585738,0.09031852,0.0,0.0,0.9872098,0.15942669,0.0,-0.09148868,-0.15875807,0.98306954,0.0,-0.033513505,0.030903012,0.032134686,1.0,0.5596073,-0.00051407376,-1.5859482
1668579965030.0,-0.014878981,-0.847369,-0.5307962,0.0,0.9998892,-0.012842812,-0.0075259297,0.0,-0.00043967523,-0.5308493,0.8474663,0.0,0.0,0.0,0.0,1.0,0.97962624,0.0018750752,-0.20082034,0.0,-0.0076262816,0.99958265,-0.027868854,0.0,0.20068419,0.028832553,0.9792318,0.0,0.021110382,0.24164395,-0.56694424,1.0,0.98697054,-0.025189165,0.15891705,0.0,0.0,0.98766994,0.15655074,0.0,-0.16090097,-0.15451096,0.9748011,0.0,0.033407316,0.0307852,0.032077823,1.0,0.99583733,-0.0144062145,0.090002716,0.0,0.0,0.98743075,0.15805233,0.0,-0.091148384,-0.15739441,0.9833204,0.0,-0.033513505,0.030903012,0.032134686,1.0,0.5596024,-0.0005188114,-1.5859513
1668579965046.0,-0.014875828,-0.847365,-0.5308024,0.0,0.99988925,-0.0128339175,-0.007534195,0.0,-0.00042806103,-0.5308557,0.8474621,0.0,0.0,0.0,0.0,1.0,0.9796302,0.0015612283,-0.20080444,0.0,-0.0072907237,0.9995872,-0.027796282,0.0,0.20067815,0.028694186,0.97923696,0.0,0.02120362,0.24164997,-0.5669885,1.0,0.9870041,-0.02474094,0.15877904,0.0,0.0,0.98807675,0.15396206,0.0,-0.16069505,-0.15196119,0.9752358,0.0,0.033407316,0.0307852,0.032077823,1.0,0.9958529,-0.014141568,0.08987228,0.0,0.0,0.9878454,0.15543929,0.0,-0.09097808,-0.15479466,0.98374873,0.0,-0.033513505,0.030903012,0.032134686,1.0,0.55961,-0.0005051093,-1.5859408
1668579965063.0,-0.014879917,-0.8473606,-0.5308097,0.0,0.9998892,-0.012827764,-0.0075517274,0.0,-0.00041006604,-0.5308632,0.8474575,0.0,0.0,0.0,0.0,1.0,0.9796671,0.0012552954,-0.20062561,0.0,-0.0069614244,0.9995911,-0.027738787,0.0,0.20050867,0.028571334,0.97927535,0.0,0.021280589,0.24167912,-0.56706053,1.0,0.9870703,-0.024346357,0.15842794,0.0,0.0,0.9883972,0.15189159,0.0,-0.16028772,-0.14992768,0.9756175,0.0,0.033407316,0.0307852,0.032077823,1.0,0.9958867,-0.013894286,0.08953549,0.0,0.0,0.9881725,0.15334646,0.0,-0.09060715,-0.1527157,0.9841078,0.0,-0.033513505,0.030903012,0.032134686,1.0,0.55961883,-0.00048387796,-1.5859337
1668579965080.0,-0.014884497,-0.8473621,-0.530807,0.0,0.99988914,-0.012828542,-0.007559111,0.0,-0.000404177,-0.53086066,0.8474591,0.0,0.0,0.0,0.0,1.0,0.97947526,0.00086318265,-0.20156215,0.0,-0.0066436273,0.9995856,-0.028003491,0.0,0.20145446,0.02876782,0.9790754,0.0,0.021332182,0.24162519,-0.5670513,1.0,0.98697466,-0.02414585,0.15905358,0.0,0.0,0.9886724,0.1500899,0.0,-0.16087592,-0.14813493,0.97579455,0.0,0.033407316,0.0307852,0.032077823,1.0,0.9958272,-0.013828948,0.090205126,0.0,0.0,0.98845184,0.15153517,0.0,-0.091259,-0.15090284,0.9843272,0.0,-0.033513505,0.030903012,0.032134686,1.0,0.5596158,-0.00047692802,-1.5859345
1668579965097.0,-0.014874499,-0.8473563,-0.5308165,0.0,0.99988925,-0.012822452,-0.0075500063,0.0,-0.00040882287,-0.53086996,0.84745324,0.0,0.0,0.0,0.0,1.0,0.97940713,0.0011679762,-0.2018917,0.0,-0.0068705883,0.99959683,-0.027547317,0.0,0.20177813,0.028367255,0.9790204,0.0,0.021442603,0.24170908,-0.56722355,1.0,0.986856,-0.024343947,0.15975817,0.0,0.0,0.9885885,0.1506411,0.0,-0.16160229,-0.14866106,0.97559446,0.0,0.033407316,0.0307852,0.032077823,1.0,0.99576104,-0.01398977,0.090907864,0.0,0.0,0.98836523,0.15209907,0.0,-0.091978006,-0.15145433,0.98417556,0.0,-0.033513505,0.030903012,0.032134686,1.0,0.5596268,-0.00048241345,-1.5859275
1668579965113.0,-0.014875536,-0.8473561,-0.53081685,0.0,0.99988925,-0.012832414,-0.0075360574,0.0,-0.00042593785,-0.53087014,0.8474531,0.0,0.0,0.0,0.0,1.0,0.9792834,0.0012129328,-0.20249143,0.0,-0.0068822363,0.9996038,-0.027295891,0.0,0.20237811,0.028124154,0.9789036,0.0,0.02153155,0.24179043,-0.56736845,1.0,0.98679006,-0.02422646,0.16018249,0.0,0.0,0.98875535,0.1495422,0.0,-0.16200417,-0.14756675,0.97569394,0.0,0.033407316,0.0307852,0.032077823,1.0,0.9957208,-0.013953811,0.09135301,0.0,0.0,0.98853457,0.15099475,0.0,-0.092412554,-0.15034862,0.9843044,0.0,-0.033513505,0.030903012,0.032134686,1.0,0.559627,-0.0005026093,-1.5859393
1668579965130.0,-0.014879118,-0.84735984,-0.53081083,0.0,0.99988925,-0.012833778,-0.0075406237,0.0,-0.00042268506,-0.5308642,0.84745693,0.0,0.0,0.0,0.0,1.0,0.9791137,0.0011382932,-0.20331031,0.0,-0.006700444,0.999622,-0.026671682,0.0,0.20320307,0.027476957,0.9787512,0.0,0.021591466,0.2418151,-0.5673979,1.0,0.9867527,-0.024336012,0.16039589,0.0,0.0,0.9886848,0.15000786,0.0,-0.16223158,-0.14802065,0.97558737,0.0,0.033407316,0.0307852,0.032077823,1.0,0.9956991,-0.014032787,0.091577105,0.0,0.0,0.9884624,0.1514667,0.0,-0.09264602,-0.15081525,0.98421115,0.0,-0.033513505,0.030903012,0.032134686,1.0,0.55961996,-0.00049876876,-1.5859407
1668579965147.0,-0.014897825,-0.84736896,-0.5307958,0.0,0.99988896,-0.012843717,-0.0075599854,0.0,-0.0004112943,-0.53084946,0.8474662,0.0,0.0,0.0,0.0,1.0,0.97915155,0.00097645243,-0.20312896,0.0,-0.00649626,0.9996276,-0.026508864,0.0,0.20302743,0.027275847,0.97879314,0.0,0.02169318,0.24187903,-0.5675114,1.0,0.9863563,-0.024743218,0.16275439,0.0,0.0,0.9886403,0.15030098,0.0,-0.16462447,-0.14825033,0.9751516,0.0,0.033407316,0.0307852,0.032077823,1.0,0.9954681,-0.014434449,0.093994595,0.0,0.0,0.98841316,0.15178744,0.0,-0.09509646,-0.15109956,0.98393375,0.0,-0.033513505,0.030903012,0.032134686,1.0,0.5596026,-0.00048532235,-1.5859523
1668579965163.0,-0.014933739,-0.8473859,-0.5307676,0.0,0.99988836,-0.012885121,-0.007561508,0.0,-0.00043148975,-0.53082126,0.84748375,0.0,0.0,0.0,0.0,1.0,0.9790877,0.00039557906,-0.20343831,0.0,-0.0059608226,0.99962455,-0.026743706,0.0,0.20335136,0.027397271,0.9787224,0.0,0.021755803,0.24181934,-0.5674485,1.0,0.98611265,-0.025006903,0.1641844,0.0,0.0,0.9885988,0.15057334,0.0,-0.1660779,-0.14848228,0.9748698,0.0,0.033407316,0.0307852,0.032077823,1.0,0.99532527,-0.01468756,0.09545607,0.0,0.0,0.9883686,0.15207753,0.0,-0.096579425,-0.1513666,0.9837482,0.0,-0.033513505,0.030903012,0.032134686,1.0,0.5595693,-0.0005091422,-1.5860009
1668579965180.0,-0.014936212,-0.8473859,-0.5307677,0.0,0.99988836,-0.012890925,-0.0075569083,0.0,-0.00043846836,-0.5308213,0.8474838,0.0,0.0,0.0,0.0,1.0,0.9790798,0.00010316328,-0.20347656,0.0,-0.0056479694,0.9996285,-0.026669797,0.0,0.20339818,0.027261082,0.97871655,0.0,0.021825925,0.24176443,-0.56735456,1.0,0.98600125,-0.024951583,0.1648605,0.0,0.0,0.9887397,0.14964543,0.0,-0.16673802,-0.14755058,0.97489864,0.0,0.033407316,0.0307852,0.032077823,1.0,0.9952563,-0.014704799,0.09616973,0.0,0.0,0.98851115,0.15114795,0.0,-0.09728745,-0.15043095,0.9838219,0.0,-0.033513505,0.030903012,0.032134686,1.0,0.5595694,-0.00051737664,-1.5860077
1668579965197.0,-0.0149445785,-0.84739184,-0.5307577,0.0,0.9998882,-0.012895424,-0.0075654704,0.0,-0.00043342856,-0.5308115,0.84748983,0.0,0.0,0.0,0.0,1.0,0.97901314,0.000052069558,-0.203797,0.0,-0.0056245998,0.999626,-0.02676441,0.0,0.20371938,0.02734898,0.9786473,0.0,0.021901678,0.24180013,-0.5674796,1.0,0.98567927,-0.025308758,0.16672097,0.0,0.0,0.9886733,0.15008366,0.0,-0.168631,-0.14793435,0.9745148,0.0,0.033407316,0.0307852,0.032077823,1.0,0.99506444,-0.015044368,0.09808373,0.0,0.0,0.9884404,0.15160987,0.0,-0.099230796,-0.15086159,0.9835619,0.0,-0.033513505,0.030903012,0.032134686,1.0,0.5595578,-0.00051142625,-1.586013
1668579965213.0,-0.014948941,-0.8473813,-0.5307744,0.0,0.9998882,-0.012898709,-0.0075684614,0.0,-0.0004329313,-0.53082824,0.8474794,0.0,0.0,0.0,0.0,1.0,0.9788858,0.000023316796,-0.20440781,0.0,-0.0056055416,0.9996271,-0.026730347,0.0,0.20433089,0.02731169,0.9785209,0.0,0.02195456,0.24180785,-0.5674991,1.0,0.9855136,-0.025506955,0.1676672,0.0,0.0,0.9886255,0.15039809,0.0,-0.16959627,-0.14821936,0.9743039,0.0,0.033407316,0.0307852,0.032077823,1.0,0.9949667,-0.015225059,0.09904273,0.0,0.0,0.9883901,0.15193743,0.0,-0.100206114,-0.15117268,0.9834152,0.0,-0.033513505,0.030903012,0.032134686,1.0,0.5595776,-0.00051084574,-1.586017
