timestamp [ms],face transform 0,face transform 1,face transform 2,face transform 3,face transform 4,face transform 5,face transform 6,face transform 7,face transform 8,face transform 9,face transform 10,face transform 11,face transform 12,face transform 13,face transform 14,face transform 15,left eye transform 0,left eye transform 1,left eye transform 2,left eye transform 3,left eye transform 4,left eye transform 5,left eye transform 6,left eye transform 7,left eye transform 8,left eye transform 9,left eye transform 10,left eye transform 11,left eye transform 12,left eye transform 13,left eye transform 14,left eye transform 15,left eye position x,left eye position y,left eye position z,right eye transform 0,right eye transform 1,right eye transform 2,right eye transform 3,right eye transform 4,right eye transform 5,right eye transform 6,right eye transform 7,right eye transform 8,right eye transform 9,right eye transform 10,right eye transform 11,right eye transform 12,right eye transform 13,right eye transform 14,right eye transform 15,right eye position x,right eye position y,right eye position z
1668497292933,0.9882785,0.0033536549,-0.15262586,0.0,0.032285612,0.97255445,0.23042479,0.0,0.14920972,-0.23265152,0.9610463,0.0,-0.0007222451,0.24821346,-0.4833977,1.0,0.9933393,-0.017378852,0.11390792,0.0,0.0,0.9885606,0.15082401,0.0,-0.11522603,-0.14981942,0.9819761,0.0,0.031562764,0.027206793,0.025452193,1.0,0.011234056,0.25509495,-0.47476017,0.9989394,-0.006982828,0.04551171,0.0,0.0,0.98843354,0.15165463,0.0,-0.04604428,-0.15149379,0.9873852,0.0,-0.031562936,0.027206648,0.025452416,1.0,-0.009561191,0.2550243,-0.4715486
1668497292950,0.98852247,0.0021488315,-0.15105881,0.0,0.033047184,0.9726069,0.23009488,0.0,0.14741527,-0.23244597,0.9613727,0.0,-0.00081933505,0.24799655,-0.48324096,1.0,0.9934374,-0.017389257,0.11304768,0.0,0.0,0.98837525,0.15203416,0.0,-0.11437729,-0.15103643,0.98188895,0.0,0.031562764,0.027206793,0.025452193,1.0,0.011131216,0.25486758,-0.47458717,0.9989793,-0.0069049196,0.04463994,0.0,0.0,0.98824745,0.15286241,0.0,-0.045170814,-0.15270638,0.9872387,0.0,-0.031562936,0.027206648,0.025452416,1.0,-0.009669165,0.2548223,-0.47140855
1668497292967,0.9887848,0.0006839621,-0.14934479,0.0,0.0340239,0.97266173,0.2297208,0.0,0.14541908,-0.23222567,0.96172994,0.0,-0.0009700229,0.2477474,-0.482914,1.0,0.99345297,-0.01737754,0.112912305,0.0,0.0,0.98836327,0.15211205,0.0,-0.114241704,-0.15111616,0.9818924,0.0,0.031562764,0.027206793,0.025452193,1.0,0.01097521,0.25460538,-0.47424254,0.9989848,-0.006889639,0.04451825,0.0,0.0,0.9882356,0.15293922,0.0,-0.04504822,-0.15278396,0.9872323,0.0,-0.031562936,0.027206648,0.025452416,1.0,-0.009830693,0.25459093,-0.47109997
1668497292983,0.98909986,-0.0014173271,-0.1472398,0.0,0.035660338,0.97249186,0.23019117,0.0,0.14286323,-0.23293264,0.9619422,0.0,-0.0010889929,0.24770759,-0.48279178,1.0,0.9937117,-0.016264945,0.11078122,0.0,0.0,0.98939306,0.1452631,0.0,-0.11196887,-0.14434965,0.98317146,0.0,0.031562764,0.027206793,0.025452193,1.0,0.010852711,0.2545359,-0.47409213,0.999083,-0.0062524593,0.042356845,0.0,0.0,0.9892799,0.14603147,0.0,-0.042815834,-0.14589755,0.98837274,0.0,-0.031562936,0.027206648,0.025452416,1.0,-0.009959821,0.2545657,-0.47099385
1668497293000,0.9894713,-0.0036239838,-0.14468417,0.0,0.037259623,0.9723689,0.230457,0.0,0.1398512,-0.23342147,0.9622661,0.0,-0.0012310641,0.24813078,-0.4835496,1.0,0.99407774,-0.013547561,0.10782373,0.0,0.0,0.9921989,0.124665275,0.0,-0.10867149,-0.123926975,0.9863228,0.0,0.031655807,0.027322005,0.025637152,1.0,0.010744238,0.25495347,-0.47475418,0.9992172,-0.004956874,0.03924747,0.0,0.0,0.9921186,0.12530252,0.0,-0.039559253,-0.12520444,0.991342,0.0,-0.031658467,0.027324336,0.025638815,1.0,-0.010138208,0.2550306,-0.47169995
1668497293017,0.9898126,-0.0055010063,-0.14226961,0.0,0.038554367,0.97227514,0.23064034,0.0,0.13705641,-0.23377581,0.96258223,0.0,-0.0013749367,0.24935906,-0.4858335,1.0,0.994169,-0.011666497,0.10720051,0.0,0.0,0.99413025,0.10818995,0.0,-0.10783347,-0.10755909,0.98833346,0.0,0.03184009,0.027550198,0.026003482,1.0,0.010672345,0.25620314,-0.4768819,0.9992538,-0.0042001815,0.038395025,0.0,0.0,0.99406964,0.10874516,0.0,-0.038624078,-0.10866401,0.99332786,0.0,-0.03184768,0.02755743,0.026008,1.0,-0.010340342,0.2563219,-0.4738596
1668497293033,0.990106,-0.00743904,-0.14012383,0.0,0.03984747,0.9723895,0.22993644,0.0,0.13454445,-0.23324516,0.9630653,0.0,-0.0015314674,0.2515643,-0.49037528,1.0,0.9942258,-0.010882592,0.10675487,0.0,0.0,0.99484426,0.10141443,0.0,-0.10730812,-0.10082884,0.9890998,0.0,0.03211205,0.027886955,0.026544102,1.0,0.010627506,0.2584599,-0.48121652,0.99928856,-0.003844731,0.037518434,0.0,0.0,0.9947904,0.10194193,0.0,-0.037714913,-0.101869404,0.9940826,0.0,-0.032126922,0.027901426,0.026552837,1.0,-0.010573042,0.2586232,-0.47821215
1668497293050,0.9908084,-0.010218286,-0.13488615,0.0,0.039730355,0.97514683,0.21796761,0.0,0.12930658,-0.22132331,0.96658975,0.0,-0.0014604377,0.26061627,-0.5103635,1.0,0.99441075,-0.009901945,0.10511509,0.0,0.0,0.9955924,0.09378578,0.0,-0.10558045,-0.093261585,0.9900278,0.0,0.033369586,0.029444126,0.029043954,1.0,0.011202318,0.2679307,-0.50036675,0.99942833,-0.003188395,0.03365731,0.0,0.0,0.995543,0.09430892,0.0,-0.03380799,-0.09425501,0.9949739,0.0,-0.03341812,0.029492075,0.029072179,1.0,-0.01085377,0.26817167,-0.49735123
1668497293067,0.99091184,-0.0107625425,-0.13408194,0.0,0.03915386,0.9767098,0.21096137,0.0,0.12868871,-0.21429409,0.9682548,0.0,-0.0011970969,0.26402086,-0.51807576,1.0,0.9947137,-0.009654837,0.10223176,0.0,0.0,0.99557006,0.09402231,0.0,-0.10268666,-0.09352528,0.9903072,0.0,0.033876125,0.030071361,0.0300509,1.0,0.011673861,0.2715431,-0.5077762,0.999557,-0.00281388,0.029628918,0.0,0.0,0.99552053,0.09454532,0.0,-0.029762236,-0.09450344,0.9950795,0.0,-0.03393821,0.030132787,0.030086972,1.0,-0.010723134,0.2718038,-0.5047294
1668497293083,0.99100894,-0.010563275,-0.13337697,0.0,0.038037047,0.9779879,0.20516501,0.0,0.12827384,-0.20839374,0.96959674,0.0,-0.001228833,0.26741588,-0.5250275,1.0,0.99465907,-0.010324784,0.10269722,0.0,0.0,0.9949842,0.10003188,0.0,-0.10321493,-0.09949762,0.98967004,0.0,0.034363005,0.030674255,0.031018768,1.0,0.011837735,0.27513987,-0.51443225,0.99957055,-0.002948191,0.02915601,0.0,0.0,0.99492645,0.10060476,0.0,-0.029304689,-0.10056155,0.9944992,0.0,-0.03443812,0.03074863,0.031062378,1.0,-0.010886967,0.27540332,-0.51135427
1668497293100,0.990936,-0.009760324,-0.13397975,0.0,0.036518835,0.97936904,0.19875297,0.0,0.12927572,-0.20184413,0.9708483,0.0,-0.0013183478,0.27050218,-0.53099644,1.0,0.9939353,-0.0106976805,0.1094452,0.0,0.0,0.99525696,0.097281024,0.0,-0.10996678,-0.09669104,0.98922104,0.0,0.034746088,0.03114862,0.031780303,1.0,0.011907347,0.27841958,-0.52019995,0.9993642,-0.003490535,0.035481952,0.0,0.0,0.99519604,0.09790235,0.0,-0.03565323,-0.0978401,0.9945633,0.0,-0.034831453,0.031233184,0.031829845,1.0,-0.011071786,0.27867022,-0.517071
1668497293117,0.9906682,-0.008298639,-0.13604197,0.0,0.034849033,0.98038834,0.19396901,0.0,0.1317643,-0.19689994,0.9715289,0.0,-0.0012601496,0.27184707,-0.5336149,1.0,0.99329245,-0.010025186,0.115193844,0.0,0.0,0.99623436,0.08670112,0.0,-0.11562926,-0.08611956,0.9895521,0.0,0.034885734,0.03132154,0.032057907,1.0,0.012031784,0.27988225,-0.52278996,0.99913514,-0.003630201,0.041421678,0.0,0.0,0.9961816,0.08730548,0.0,-0.04158045,-0.087229975,0.99532,0.0,-0.034974836,0.03140982,0.032109607,1.0,-0.011034468,0.28010097,-0.51959956
1668497293134,0.99033123,-0.0062495647,-0.13858159,0.0,0.032870315,0.98110694,0.19065298,0.0,0.13477187,-0.19336493,0.97182643,0.0,-0.0012818876,0.27196333,-0.5339945,1.0,0.992775,-0.008557252,0.11968494,0.0,0.0,0.99745375,0.07131609,0.0,-0.11999047,-0.07080083,0.9902472,0.0,0.034885734,0.03132154,0.032057907,1.0,0.012017609,0.28006762,-0.52323055,0.9989166,-0.0033436741,0.0464153,0.0,0.0,0.9974153,0.07185199,0.0,-0.04653558,-0.07177415,0.99633473,0.0,-0.034974836,0.03140982,0.032109607,1.0,-0.011040806,0.2802387,-0.5199811
1668497293151,0.9898806,-0.004458547,-0.1418327,0.0,0.031456534,0.9815331,0.18868703,0.0,0.13837226,-0.19123934,0.97174096,0.0,-0.0012900118,0.27213377,-0.534269,1.0,0.9922632,-0.007383275,0.12393226,0.0,0.0,0.9982301,0.05946964,0.0,-0.124152,-0.059009537,0.990507,0.0,0.034885734,0.03132154,0.032057907,1.0,0.012027957,0.28028604,-0.5235643,0.9986904,-0.0030670792,0.05106909,0.0,0.0,0.99820143,0.05994943,0.0,-0.051161107,-0.059870925,0.99689424,0.0,-0.034974836,0.03140982,0.032109607,1.0,-0.011019942,0.28041548,-0.5202392
1668497293167,0.9894893,-0.002927724,-0.14457572,0.0,0.030379595,0.9816911,0.18804099,0.0,0.14137818,-0.19045675,0.97146195,0.0,-0.0012789912,0.2724149,-0.5347649,1.0,0.992117,-0.006537645,0.1251446,0.0,0.0,0.9986382,0.05216959,0.0,-0.12531525,-0.051758338,0.9907659,0.0,0.034885734,0.03132154,0.032057907,1.0,0.012055305,0.280595,-0.52410185,0.9986191,-0.0027636313,0.052461773,0.0,0.0,0.9986153,0.05260601,0.0,-0.052534517,-0.052533366,0.9972363,0.0,-0.034974836,0.03140982,0.032109607,1.0,-0.0109834615,0.28068876,-0.52071285
1668497293184,0.98913515,-0.0016054815,-0.14700061,0.0,0.029521469,0.98174036,0.18792132,0.0,0.1440147,-0.19021931,0.9711213,0.0,-0.0012786223,0.2726003,-0.5351701,1.0,0.991981,-0.0064715585,0.12622085,0.0,0.0,0.9986882,0.05120445,0.0,-0.12638664,-0.050793845,0.99067974,0.0,0.034885734,0.03132154,0.032057907,1.0,0.012070769,0.28079882,-0.5245401,0.9985557,-0.0027742956,0.05365389,0.0,0.0,0.99866587,0.051638275,0.0,-0.053725567,-0.051563695,0.9972235,0.0,-0.034974836,0.03140982,0.032109607,1.0,-0.01095973,0.28086182,-0.5210947
1668497293201,0.9888191,-0.00088552217,-0.1491183,0.0,0.02909432,0.98191077,0.1870965,0.0,0.14625518,-0.18934317,0.97095764,0.0,-0.0012720453,0.27274787,-0.53560543,1.0,0.9916466,-0.0068392386,0.12880303,0.0,0.0,0.9985933,0.053023733,0.0,-0.12898448,-0.052580804,0.9902516,0.0,0.034885734,0.03132154,0.032057907,1.0,0.012093154,0.28096592,-0.52501047,0.99840736,-0.0030170782,0.056334823,0.0,0.0,0.99856895,0.05347954,0.0,-0.056415558,-0.053394366,0.9969786,0.0,-0.034974836,0.03140982,0.032109607,1.0,-0.01092996,0.28101218,-0.5215157
1668497293217,0.9885837,-0.0007677039,-0.15067099,0.0,0.029170359,0.98204285,0.18638909,0.0,0.14782234,-0.18865627,0.9708539,0.0,-0.001271012,0.27281094,-0.5357879,1.0,0.991583,-0.0075380295,0.12925293,0.0,0.0,0.9983037,0.05822106,0.0,-0.12947255,-0.057731014,0.989901,0.0,0.034885734,0.03132154,0.032057907,1.0,0.012108989,0.28103906,-0.52521944,0.998386,-0.003334508,0.056693625,0.0,0.0,0.9982748,0.05871481,0.0,-0.0567916,-0.058620047,0.99666363,0.0,-0.034974836,0.03140982,0.032109607,1.0,-0.010908612,0.2810826,-0.5216886
1668497293234,0.9884098,-0.0010057031,-0.1518066,0.0,0.029506372,0.9821806,0.18560854,0.0,0.14891484,-0.1879366,0.9708266,0.0,-0.0012963065,0.27275556,-0.5360017,1.0,0.99071014,-0.009705892,0.13564365,0.0,0.0,0.99744976,0.07137186,0.0,-0.13599046,-0.070708826,0.98818356,0.0,0.034885734,0.03132154,0.032057907,1.0,0.012096856,0.28099006,-0.5254549,0.9980068,-0.0045431256,0.06294281,0.0,0.0,0.99740523,0.07199134,0.0,-0.06310656,-0.07184785,0.99541724,0.0,-0.034974836,0.03140982,0.032109607,1.0,-0.010916669,0.28103915,-0.5218976
1668497293252,0.98836666,-0.0017766639,-0.15207925,0.0,0.030390404,0.98207307,0.18603496,0.0,0.1490224,-0.1884925,0.97070235,0.0,-0.0013638414,0.2727041,-0.536179,1.0,0.9894325,-0.0194647,0.14368162,0.0,0.0,0.9909482,0.13424478,0.0,-0.14499408,-0.13282615,0.9804764,0.0,0.034885734,0.03132154,0.032057907,1.0,0.012039198,0.28092256,-0.52563226,0.9975133,-0.009544312,0.069829255,0.0,0.0,0.99078804,0.13542162,0.0,-0.0704785,-0.13508487,0.9883242,0.0,-0.034974836,0.03140982,0.032109607,1.0,-0.010973293,0.2809896,-0.5220686
1668497293267,0.9884667,-0.0021369576,-0.15142307,0.0,0.030967698,0.9816235,0.18829948,0.0,0.14823799,-0.19081688,0.9703683,0.0,-0.0014826821,0.2725822,-0.5362481,1.0,0.99025923,-0.027135184,0.13656646,0.0,0.0,0.9808259,0.19488601,0.0,-0.13923618,-0.19298768,0.9712719,0.0,0.034885734,0.03132154,0.032057907,1.0,0.011919166,0.28076693,-0.5256736,0.9980085,-0.012392293,0.061850157,0.0,0.0,0.98051274,0.19645546,0.0,-0.0630794,-0.19606422,0.97856003,0.0,-0.034974836,0.03140982,0.032109607,1.0,-0.011095651,0.2808423,-0.52212524
1668497293284,0.98876363,-0.0019855849,-0.14947438,0.0,0.030798681,0.9811657,0.19069777,0.0,0.14628045,-0.19315855,0.97020197,0.0,-0.001614377,0.2724331,-0.536491,1.0,0.99041635,-0.031751815,0.1344145,0.0,0.0,0.9732152,0.22989598,0.0,-0.13811384,-0.22769274,0.9638883,0.0,0.034885734,0.03132154,0.032057907,1.0,0.011768241,0.2805898,-0.5258706,0.9981204,-0.014198711,0.059615158,0.0,0.0,0.9727892,0.23169197,0.0,-0.061282706,-0.23125648,0.9709608,0.0,-0.034974836,0.03140982,0.032109607,1.0,-0.011253529,0.28066158,-0.5223675
1668497293301,0.98908114,-0.0014315635,-0.14736468,0.0,0.03000163,0.9809684,0.19183517,0.0,0.14428549,-0.19416168,0.97030044,0.0,-0.001818571,0.27212837,-0.53662205,1.0,0.9902772,-0.034960233,0.13464351,0.0,0.0,0.96790487,0.25131682,0.0,-0.13910821,-0.24887331,0.95849407,0.0,0.034885734,0.03132154,0.032057907,1.0,0.0115380995,0.28027874,-0.52596426,0.99807614,-0.01570302,0.05997885,0.0,0.0,0.9673948,0.25327295,0.0,-0.062000383,-0.25278568,0.9655337,0.0,-0.034974836,0.03140982,0.032109607,1.0,-0.011491124,0.2803376,-0.52251023
1668497293318,0.9895156,-0.0005943486,-0.14442436,0.0,0.028638082,0.98094267,0.19217534,0.0,0.14155781,-0.19429666,0.97067523,0.0,-0.0020525865,0.27171138,-0.5367096,1.0,0.9903053,-0.03594317,0.134177,0.0,0.0,0.96594286,0.25875556,0.0,-0.1389078,-0.256247,0.9565783,0.0,0.034885734,0.03132154,0.032057907,1.0,0.011265752,0.27986977,-0.52601004,0.9980898,-0.016109476,0.05964286,0.0,0.0,0.96540505,0.2607549,0.0,-0.06178014,-0.26025683,0.96356094,0.0,-0.034974836,0.03140982,0.032109607,1.0,-0.011773675,0.27990913,-0.5226245
1668497293334,0.98993236,-05,-0.14154142,0.0,0.027479319,0.98101526,0.1919736,0.0,0.13884838,-0.19393042,0.97113955,0.0,-0.0023140835,0.27120444,-0.53665805,1.0,0.99032086,-0.036117375,0.1340153,0.0,0.0,0.96555,0.26021755,0.0,-0.13879685,-0.25769886,0.9562043,0.0,0.034885734,0.03132154,0.032057907,1.0,0.010968051,0.27937406,-0.5259221,0.9980968,-0.016170278,0.059508048,0.0,0.0,0.96500707,0.2622239,0.0,-0.06166592,-0.26172483,0.96317047,0.0,-0.034974836,0.03140982,0.032109607,1.0,-0.012081161,0.2794003,-0.5226037
1668497293351,0.99039704,0.00054584624,-0.13825078,0.0,0.026279878,0.9810164,0.19213639,0.0,0.13573113,-0.19392441,0.97158134,0.0,-0.0025044256,0.27086356,-0.5366642,1.0,0.9911658,-0.034104403,0.12816852,0.0,0.0,0.96637344,0.25714263,0.0,-0.13262835,-0.25487098,0.95783633,0.0,0.034885734,0.03132154,0.032057907,1.0,0.010737278,0.27903995,-0.52588356,0.99846315,-0.014354416,0.053528566,0.0,0.0,0.965874,0.2590123,0.0,-0.05541982,-0.25861424,0.9643896,0.0,-0.034974836,0.03140982,0.032109607,1.0,-0.012322843,0.27905276,-0.5226417
1668497293368,0.99083036,0.0010726156,-0.13510785,0.0,0.025380218,0.98069,0.19391468,0.0,0.13270691,-0.19556578,0.9716702,0.0,-0.0027025328,0.27068678,-0.53681886,1.0,0.99161094,-0.032753453,0.12503994,0.0,0.0,0.96736294,0.25339484,0.0,-0.12925856,-0.2512691,0.9592477,0.0,0.034885734,0.03132154,0.032057907,1.0,0.0105025,0.27884835,-0.52598214,0.9986448,-0.013280392,0.05032053,0.0,0.0,0.9668939,0.25517875,0.0,-0.052043486,-0.25483295,0.9655836,0.0,-0.034974836,0.03140982,0.032109607,1.0,-0.012567792,0.27884886,-0.5228135
1668497293386,0.99122274,0.0014666095,-0.13219376,0.0,0.02461112,0.9804112,0.19541754,0.0,0.12989087,-0.19695581,0.9717699,0.0,-0.0028735436,0.27060547,-0.53709006,1.0,0.9918067,-0.032096125,0.12364999,0.0,0.0,0.9679232,0.25124615,0.0,-0.12774773,-0.24918762,0.9599927,0.0,0.034885734,0.03132154,0.032057907,1.0,0.01029793,0.27875385,-0.52620274,0.99872386,-0.012777106,0.04886146,0.0,0.0,0.9674689,0.25298983,0.0,-0.050504424,-0.25266698,0.96623427,0.0,-0.034974836,0.03140982,0.032109607,1.0,-0.01278157,0.27874517,-0.52310187
1668497293401,0.9916057,0.002047221,-0.12928191,0.0,0.023617378,0.9801854,0.19666925,0.0,0.12712286,-0.19807161,0.9719091,0.0,-0.0029827794,0.27049115,-0.5372697,1.0,0.99196404,-0.03184273,0.12244735,0.0,0.0,0.96781015,0.2516814,0.0,-0.12652001,-0.24965888,0.9600329,0.0,0.034885734,0.03132154,0.032057907,1.0,0.010153194,0.27863201,-0.5263339,0.9987891,-0.012467004,0.04759202,0.0,0.0,0.96736014,0.25340557,0.0,-0.04919783,-0.25309873,0.9661887,0.0,-0.034974836,0.03140982,0.032109607,1.0,-0.012935301,0.27860975,-0.5233008
1668497293417,0.9918498,0.0023057403,-0.12739132,0.0,0.023073014,0.98005503,0.19738181,0.0,0.12530564,-0.19871235,0.9720143,0.0,-0.0030883981,0.27050358,-0.5375441,1.0,0.9919427,-0.032032203,0.122570604,0.0,0.0,0.96750677,0.25284508,0.0,-0.12668708,-0.25080782,0.95971125,0.0,0.034885734,0.03132154,0.032057907,1.0,0.010025311,0.27863923,-0.5265778,0.998779,-0.012576503,0.04777365,0.0,0.0,0.96705216,0.2545783,0.0,-0.049401317,-0.25426745,0.9658714,0.0,-0.034974836,0.03140982,0.032109607,1.0,-0.013068915,0.27861094,-0.52358866
1668497293435,0.9921401,0.0024744866,-0.12510829,0.0,0.022475604,0.980021,0.19762081,0.0,0.12309772,-0.19887935,0.97226244,0.0,-0.0031159695,0.27042836,-0.5376372,1.0,0.9918822,-0.03225327,0.1230017,0.0,0.0,0.9672979,0.253643,0.0,-0.1271601,-0.251584,0.9594456,0.0,0.034885734,0.03132154,0.032057907,1.0,0.009971285,0.27856383,-0.52663916,0.99875396,-0.012745188,0.04825005,0.0,0.0,0.96683836,0.2553891,0.0,-0.04990498,-0.25507087,0.96563363,0.0,-0.034974836,0.03140982,0.032109607,1.0,-0.013129758,0.2785316,-0.5237032
1668497293453,0.99228853,0.0023733024,-0.12392751,0.0,0.022323368,0.9800464,0.19751194,0.0,0.12192346,-0.19875523,0.9724356,0.0,-0.0031236543,0.27035487,-0.5377435,1.0,0.9917872,-0.03252435,0.12369436,0.0,0.0,0.9671261,0.25429735,0.0,-0.1278989,-0.25220886,0.9591833,0.0,0.034885734,0.03132154,0.032057907,1.0,0.009951188,0.27849075,-0.5267311,0.9987162,-0.012971083,0.04896738,0.0,0.0,0.9666606,0.25606096,0.0,-0.05065623,-0.2557322,0.9654196,0.0,-0.034974836,0.03140982,0.032109607,1.0,-0.013153335,0.27846092,-0.5238226
1668497293467,0.9924369,0.0020952947,-0.1227372,0.0,0.02227337,0.980184,0.1968325,0.0,0.12071747,-0.19807777,0.9727243,0.0,-0.0030732,0.2702843,-0.537743,1.0,0.99192,-0.032314256,0.1226807,0.0,0.0,0.9670166,0.25471342,0.0,-0.12686515,-0.25265533,0.95920306,0.0,0.034885734,0.03132154,0.032057907,1.0,0.009989959,0.27842563,-0.5267207,0.9987689,-0.0127217565,0.047946192,0.0,0.0,0.9665549,0.2564599,0.0,-0.049605247,-0.25614417,0.965365,0.0,-0.034974836,0.03140982,0.032109607,1.0,-0.013118042,0.27840227,-0.52383995
1668497293485,0.9926205,0.0017942504,-0.12124894,0.0,0.022181781,0.9803328,0.19610092,0.0,0.11921616,-0.19734347,0.97305864,0.0,-0.0029564565,0.27025846,-0.5377688,1.0,0.99210215,-0.03199175,0.12128445,0.0,0.0,0.96692765,0.2550509,0.0,-0.1254328,-0.25303653,0.959291,0.0,0.034885734,0.03132154,0.032057907,1.0,0.010091838,0.2784057,-0.5267333,0.9988402,-0.012363102,0.04653379,0.0,0.0,0.9664719,0.25677237,0.0,-0.048148103,-0.25647455,0.965351,0.0,-0.034974836,0.03140982,0.032109607,1.0,-0.013020467,0.27838936,-0.5238872
1668497293501,0.99274915,0.0015832217,-0.1201943,0.0,0.022120161,0.9804309,0.19561675,0.0,0.11815194,-0.19685712,0.9732869,0.0,-0.002790297,0.2703122,-0.53791237,1.0,0.99219394,-0.031794693,0.12058301,0.0,0.0,0.96695143,0.25496066,0.0,-0.12470431,-0.25297043,0.95940334,0.0,0.034885734,0.03132154,0.032057907,1.0,0.010247478,0.27846318,-0.5268672,0.99887574,-0.012167293,0.045816697,0.0,0.0,0.9664996,0.2566681,0.0,-0.047404774,-0.25637951,0.96541303,0.0,-0.034974836,0.03140982,0.032109607,1.0,-0.012867844,0.27845177,-0.5240457
1668497293519,0.992896,0.001742069,-0.11897349,0.0,0.021663312,0.98053443,0.19514915,0.0,0.116997525,-0.19634008,0.9735308,0.0,-0.00262134,0.27041253,-0.5380555,1.0,0.9922704,-0.03167193,0.11998457,0.0,0.0,0.9668818,0.25522462,0.0,-0.124094345,-0.25325182,0.9594082,0.0,0.034885734,0.03132154,0.032057907,1.0,0.010401037,0.278572,-0.5269984,0.998905,-0.012019891,0.04521376,0.0,0.0,0.96643215,0.256922,0.0,-0.046784203,-0.25664067,0.96537393,0.0,-0.034974836,0.03140982,0.032109607,1.0,-0.012717739,0.27855688,-0.5242053
1668497293535,0.9929905,0.0019033581,-0.11817928,0.0,0.021331092,0.98056626,0.19502524,0.0,0.11625381,-0.19617906,0.97365236,0.0,-0.0024428365,0.27056077,-0.5382063,1.0,0.9924456,-0.031483967,0.11857721,0.0,0.0,0.9665116,0.25662282,0.0,-0.12268576,-0.25468418,0.95921016,0.0,0.034885734,0.03132154,0.032057907,1.0,0.010569223,0.27872416,-0.52713996,0.99897194,-0.011709451,0.043794148,0.0,0.0,0.9660644,0.25830126,0.0,-0.045332536,-0.25803572,0.9650712,0.0,-0.034974836,0.03140982,0.032109607,1.0,-0.012551774,0.2787053,-0.5243654
1668497293551,0.9930101,0.0023862843,-0.118004255,0.0,0.020818796,0.98057824,0.19502015,0.0,0.116177775,-0.19611377,0.9736746,0.0,-0.0022813317,0.27069092,-0.53833306,1.0,0.9925093,-0.031431634,0.11805652,0.0,0.0,0.96633697,0.25727972,0.0,-0.1221691,-0.25535253,0.95909846,0.0,0.034885734,0.03132154,0.032057907,1.0,0.010724796,0.27886075,-0.52726454,0.9989962,-0.0115999365,0.04326773,0.0,0.0,0.96589017,0.258952,0.0,-0.044795703,-0.25869206,0.9649206,0.0,-0.034974836,0.03140982,0.032109607,1.0,-0.012396676,0.27883065,-0.52449405
1668497293568,0.99304676,0.0026127296,-0.11769093,0.0,0.020477219,0.98067826,0.19455265,0.0,0.11592527,-0.19561,0.973806,0.0,-0.0020990914,0.27086738,-0.53850067,1.0,0.99261796,-0.031280905,0.11717962,0.0,0.0,0.96616715,0.25791672,0.0,-0.121282965,-0.25601277,0.95903486,0.0,0.034885734,0.03132154,0.032057907,1.0,0.010901197,0.27904627,-0.52743196,0.9990371,-0.011388543,0.042369828,0.0,0.0,0.9657228,0.25957566,0.0,-0.043873694,-0.2593257,0.9647929,0.0,-0.034974836,0.03140982,0.032109607,1.0,-0.012221141,0.2790109,-0.5246688
1668497293586,0.9930507,0.0029645914,-0.117649846,0.0,0.020074513,0.98076504,0.19415733,0.0,0.11596244,-0.19516979,0.9738898,0.0,-0.0019311366,0.27104747,-0.53867257,1.0,0.99265647,-0.031218668,0.116869554,0.0,0.0,0.96612483,0.25807518,0.0,-0.12096734,-0.25618,0.9590301,0.0,0.034885734,0.03132154,0.032057907,1.0,0.011065391,0.27923605,-0.5276066,0.9990517,-0.011308611,0.042045794,0.0,0.0,0.9656815,0.25972912,0.0,-0.043540023,-0.2594828,0.9647657,0.0,-0.034974836,0.03140982,0.032109607,1.0,-0.01205705,0.2791925,-0.5248444
1668497293601,0.99299836,0.0031678176,-0.11808558,0.0,0.01987893,0.980903,0.19347894,0.0,0.1164434,-0.1944717,0.97397214,0.0,-0.0017677314,0.27125007,-0.53891134,1.0,0.9927192,-0.031174375,0.11634759,0.0,0.0,0.9659276,0.2588123,0.0,-0.12045167,-0.25692794,0.95889485,0.0,0.034885734,0.03132154,0.032057907,1.0,0.011231285,0.2794499,-0.52785665,0.99907595,-0.011194444,0.041495956,0.0,0.0,0.9654845,0.26046062,0.0,-0.04297941,-0.26021993,0.96459234,0.0,-0.034974836,0.03140982,0.032109607,1.0,-0.0118899355,0.27940166,-0.5250843
1668497293618,0.9930143,0.0029834646,-0.117956914,0.0,0.019849226,0.9812103,0.19191718,0.0,0.11631314,-0.19291802,0.97429675,0.0,-0.00160392,0.2714368,-0.5391711,1.0,0.9927716,-0.031131707,0.11591062,0.0,0.0,0.96577245,0.25939077,0.0,-0.120018564,-0.2575158,0.9587915,0.0,0.034885734,0.03132154,0.032057907,1.0,0.01139358,0.27965432,-0.52812773,0.99909544,-0.011100198,0.04104964,0.0,0.0,0.96532965,0.26103395,0.0,-0.04252396,-0.26079783,0.96445644,0.0,-0.034974836,0.03140982,0.032109607,1.0,-0.011728015,0.2796104,-0.52535844
1668497293635,0.99296623,0.0030559292,-0.11835812,0.0,0.019654565,0.9815418,0.19023488,0.0,0.11675479,-0.19122306,0.97457784,0.0,-0.0014587976,0.27160808,-0.5394278,1.0,0.9927929,-0.031172814,0.115717225,0.0,0.0,0.96557766,0.26011488,0.0,-0.119842485,-0.2582402,0.95861864,0.0,0.034885734,0.03132154,0.032057907,1.0,0.01154083,0.279848,-0.5284037,0.9991035,-0.011081463,0.040858626,0.0,0.0,0.9651334,0.26175845,0.0,-0.04233469,-0.26152378,0.96426815,0.0,-0.034974836,0.03140982,0.032109607,1.0,-0.011579642,0.27980244,-0.5256251
1668497293652,0.99295527,0.003254744,-0.11844577,0.0,0.019300561,0.9818298,0.18878014,0.0,0.116908,-0.1897362,0.9748502,0.0,-0.0012994556,0.2718547,-0.5398602,1.0,0.9927869,-0.031223858,0.11575535,0.0,0.0,0.9654922,0.26043195,0.0,-0.11989258,-0.25855342,0.958528,0.0,0.034885734,0.03132154,0.032057907,1.0,0.011697985,0.28011584,-0.52884936,0.99910164,-0.011106393,0.0408969,0.0,0.0,0.96504664,0.26207826,0.0,-0.042378157,-0.26184282,0.9641797,0.0,-0.034974836,0.03140982,0.032109607,1.0,-0.01142224,0.28006566,-0.5260688
1668497293668,0.9930173,0.0033904193,-0.117921524,0.0,0.01889385,0.98211306,0.18734235,0.0,0.116447456,-0.18826221,0.97519094,0.0,-0.0011337475,0.2720243,-0.54015493,1.0,0.99278384,-0.031334627,0.115751244,0.0,0.0,0.9652572,0.26130152,0.0,-0.11991751,-0.25941592,0.95829177,0.0,0.034885734,0.03132154,0.032057907,1.0,0.011855248,0.28030574,-0.5291494,0.9991011,-0.011146953,0.04089965,0.0,0.0,0.9648087,0.2629528,0.0,-0.04239146,-0.26271644,0.96394145,0.0,-0.034974836,0.03140982,0.032109607,1.0,-0.011266442,0.28025243,-0.526381
1668497293685,0.99300605,0.0034925279,-0.11801207,0.0,0.018724363,0.9822529,0.1866245,0.0,0.11656947,-0.18752906,0.97531766,0.0,-0.0009668537,0.27228191,-0.54061836,1.0,0.99278104,-0.031406455,0.11575573,0.0,0.0,0.9651086,0.26185,0.0,-0.11994063,-0.25995973,0.9581415,0.0,0.034885734,0.03132154,0.032057907,1.0,0.012021545,0.28057382,-0.52962,0.99910045,-0.011174354,0.04090796,0.0,0.0,0.96465814,0.26350448,0.0,-0.042406693,-0.26326743,0.96379036,0.0,-0.034974836,0.03140982,0.032109607,1.0,-0.011099885,0.28051817,-0.52684957
1668497293702,0.9930121,0.0037707998,-0.11795262,0.0,0.01836588,0.9823738,0.1860228,0.0,0.11657502,-0.18688917,0.9754398,0.0,-0.00082737306,0.27257243,-0.54117393,1.0,0.99275696,-0.03154406,0.11592516,0.0,0.0,0.9649156,0.26256037,0.0,-0.12014022,-0.26065862,0.95792663,0.0,0.034885734,0.03132154,0.032057907,1.0,0.012157411,0.28087568,-0.53017986,0.999092,-0.011257314,0.041091334,0.0,0.0,0.9644618,0.26422235,0.0,-0.042605456,-0.26398245,0.96358603,0.0,-0.034974836,0.03140982,0.032109607,1.0,-0.010964169,0.28081354,-0.5274108
1668497293718,0.9929323,0.0038631486,-0.11861851,0.0,0.018251661,0.98261,0.18478252,0.0,0.11726956,-0.18564154,0.97559476,0.0,-0.0007254184,0.27272284,-0.5414744,1.0,0.99269766,-0.031765923,0.116371326,0.0,0.0,0.9647043,0.26333568,0.0,-0.12062901,-0.2614127,0.95765966,0.0,0.034885734,0.03132154,0.032057907,1.0,0.012264669,0.28104296,-0.53049934,0.99907076,-0.011422099,0.04155943,0.0,0.0,0.9642454,0.26501098,0.0,-0.043100473,-0.26476473,0.96334934,0.0,-0.034974836,0.03140982,0.032109607,1.0,-0.010855047,0.2809787,-0.52771485
1668497293735,0.9928501,0.003977417,-0.11930206,0.0,0.018130522,0.9828244,0.18365146,0.0,0.11798338,-0.1845014,0.9757251,0.0,-0.00062982336,0.27287152,-0.54178965,1.0,0.9926449,-0.031959187,0.116767496,0.0,0.0,0.9645254,0.26398996,0.0,-0.12106213,-0.26204827,0.9574312,0.0,0.034885734,0.03132154,0.032057907,1.0,0.012365671,0.28120738,-0.530833,0.9990516,-0.011568264,0.041977752,0.0,0.0,0.9640621,0.26567703,0.0,-0.043542583,-0.26542506,0.96314776,0.0,-0.034974836,0.03140982,0.032109607,1.0,-0.010752122,0.2811405,-0.5280326
1668497293752,0.9927516,0.004479969,-0.12009826,0.0,0.017583726,0.98313683,0.18202332,0.0,0.1188885,-0.18281578,0.9759322,0.0,-0.0005776754,0.2729322,-0.54205525,1.0,0.9926066,-0.0321526,0.11704001,0.0,0.0,0.9642757,0.26490062,0.0,-0.12137608,-0.2629421,0.9571464,0.0,0.034885734,0.03132154,0.032057907,1.0,0.012420637,0.28129518,-0.5311226,0.99903804,-0.011690911,0.042265024,0.0,0.0,0.9638077,0.26659846,0.0,-0.04385213,-0.266342,0.96288055,0.0,-0.034974836,0.03140982,0.032109607,1.0,-0.010694863,0.28121665,-0.52830374
1668497293768,0.99263084,0.004796301,-0.12108324,0.0,0.017235158,0.98347,0.18024929,0.0,0.119946264,-0.18100786,0.9761399,0.0,-0.00050076406,0.27321076,-0.54262424,1.0,0.99251515,-0.03243099,0.11773651,0.0,0.0,0.9640934,0.26556337,0.0,-0.12212148,-0.26357567,0.9568773,0.0,0.034885734,0.03132154,0.032057907,1.0,0.012503807,0.28160024,-0.5317194,0.99900514,-0.011919199,0.04297218,0.0,0.0,0.9636191,0.26727915,0.0,-0.04459457,-0.26701325,0.96266043,0.0,-0.034974836,0.03140982,0.032109607,1.0,-0.010608871,0.28151435,-0.5288776
1668497293786,0.9924536,0.0055408836,-0.12249543,0.0,0.016493332,0.9838682,0.17813194,0.0,0.12150638,-0.17880814,0.9763523,0.0,-0.00048725132,0.2736609,-0.54342407,1.0,0.9923434,-0.032969546,0.11902765,0.0,0.0,0.9637133,0.26693958,0.0,-0.1235094,-0.26489574,0.95633453,0.0,0.034885734,0.03132154,0.032057907,1.0,0.012524186,0.28208667,-0.53255546,0.99894214,-0.012355806,0.04429435,0.0,0.0,0.96322674,0.26868987,0.0,-0.045985382,-0.26840565,0.9622078,0.0,-0.034974836,0.03140982,0.032109607,1.0,-0.010584361,0.28198352,-0.52968085
1668497293802,0.99219227,0.0063787084,-0.12455473,0.0,0.015708197,0.9843469,0.17554058,0.0,0.12372477,-0.17612655,0.97656107,0.0,-0.00051819376,0.27388376,-0.54383904,1.0,0.9922077,-0.033387676,0.12003808,0.0,0.0,0.96342725,0.26796994,0.0,-0.12459485,-0.26588184,0.9559199,0.0,0.034885734,0.03132154,0.032057907,1.0,0.012505713,0.28235295,-0.5330192,0.99889135,-0.012698218,0.045329552,0.0,0.0,0.9629312,0.269747,0.0,-0.04707455,-0.26944792,0.96186364,0.0,-0.034974836,0.03140982,0.032109607,1.0,-0.010596733,0.28223032,-0.5300967
1668497293819,0.99189496,0.0066829203,-0.12688504,0.0,0.015355491,0.9849918,0.1719166,0.0,0.12612966,-0.17247154,0.97690564,0.0,-0.0005599847,0.27409673,-0.5441381,1.0,0.9919851,-0.034154788,0.12165145,0.0,0.0,0.9627739,0.27030784,0.0,-0.12635516,-0.26814133,0.9550574,0.0,0.034885734,0.03132154,0.032057907,1.0,0.01248248,0.28261524,-0.5333795,0.99880767,-0.013285103,0.04697606,0.0,0.0,0.96225977,0.27213266,0.0,-0.04881848,-0.2718082,0.96111244,0.0,-0.034974836,0.03140982,0.032109607,1.0,-0.01061301,0.28248563,-0.53040284
1668497293835,0.99152815,0.0071037943,-0.12969817,0.0,0.014798313,0.98582435,0.16712658,0.0,0.12904686,-0.16763017,0.9773675,0.0,-0.00061735377,0.27420416,-0.544254,1.0,0.9916861,-0.035388812,0.123718455,0.0,0.0,0.9614404,0.27501342,0.0,-0.12868032,-0.27272698,0.95344704,0.0,0.034885734,0.03132154,0.032057907,1.0,0.012446201,0.28278798,-0.5335732,0.99869084,-0.014164783,0.049152665,0.0,0.0,0.9608958,0.2769103,0.0,-0.051152963,-0.2765478,0.9596378,0.0,-0.034974836,0.03140982,0.032109607,1.0,-0.010640714,0.28264868,-0.53053117
1668497293852,0.99119353,0.006761968,-0.13224879,0.0,0.014903861,0.9866533,0.16215143,0.0,0.13158017,-0.16269451,0.97786367,0.0,-0.00070446136,0.27440542,-0.5442976,1.0,0.9915646,-0.036106754,0.12448275,0.0,0.0,0.9604152,0.27857253,0.0,-0.12961347,-0.27622265,0.95231366,0.0,0.034885734,0.03132154,0.032057907,1.0,0.012383375,0.28304666,-0.5336931,0.9986412,-0.014617959,0.050020307,0.0,0.0,0.9598518,0.28050756,0.0,-0.05211253,-0.28012642,0.95854753,0.0,-0.034974836,0.03140982,0.032109607,1.0,-0.010695701,0.28291544,-0.5305918
1668497293869,0.9906474,0.006392098,-0.13629693,0.0,0.01531777,0.98737764,0.15764043,0.0,0.13558422,-0.15825394,0.97804534,0.0,-0.00079143903,0.27528942,-0.54498166,1.0,0.9914962,-0.036283087,0.12497534,0.0,0.0,0.9603464,0.27880967,0.0,-0.13013569,-0.2764387,0.9521798,0.0,0.034885734,0.03132154,0.032057907,1.0,0.012337157,0.28398138,-0.53446937,0.9986146,-0.014773328,0.0505032,0.0,0.0,0.9597789,0.280757,0.0,-0.05261962,-0.28036806,0.95844924,0.0,-0.034974836,0.03140982,0.032109607,1.0,-0.010729121,0.28385887,-0.53127396
1668497293885,0.9897922,0.006015979,-0.14239138,0.0,0.015757069,0.98836404,0.15128872,0.0,0.14164467,-0.1519881,0.97818017,0.0,-0.00072359975,0.27702367,-0.54687303,1.0,0.9913962,-0.035910845,0.12587316,0.0,0.0,0.96163064,0.27434736,0.0,-0.13089554,-0.27198693,0.953357,0.0,0.034885734,0.03132154,0.032057907,1.0,0.012464399,0.2857885,-0.5364965,0.99857074,-0.014766256,0.051365495,0.0,0.0,0.9610759,0.27628458,0.0,-0.053445823,-0.2758897,0.95970225,0.0,-0.034974836,0.03140982,0.032109607,1.0,-0.010581846,0.2856749,-0.5331594
1668497293902,0.98895776,0.006233967,-0.14806628,0.0,0.015621274,0.9891639,0.14598317,0.0,0.14737181,-0.14668432,0.97814393,0.0,-0.0005277411,0.27833402,-0.54802924,1.0,0.9914733,-0.03403045,0.12578765,0.0,0.0,0.96529806,0.26115066,0.0,-0.13030964,-0.25892392,0.95706725,0.0,0.034885734,0.03132154,0.032057907,1.0,0.012710337,0.28716642,-0.5377745,0.998586,-0.013980869,0.051288236,0.0,0.0,0.9647964,0.26299778,0.0,-0.053159647,-0.2626259,0.9634322,0.0,-0.034974836,0.03140982,0.032109607,1.0,-0.010316382,0.28704783,-0.53430533
1668497293920,0.98815453,0.0071777375,-0.15329368,0.0,0.014769481,0.9898204,0.14155316,0.0,0.15274927,-0.14214048,0.9779897,0.0,-0.0003957079,0.2792989,-0.5485151,1.0,0.9911574,-0.032800414,0.12857357,0.0,0.0,0.96896625,0.24719304,0.0,-0.13269149,-0.24500722,0.9603981,0.0,0.034885734,0.03132154,0.032057907,1.0,0.012881599,0.2881977,-0.538369,0.9984394,-0.013905739,0.054087404,0.0,0.0,0.96850353,0.2489999,0.0,-0.055846367,-0.2486113,0.9669921,0.0,-0.034974836,0.03140982,0.032109607,1.0,-0.010126348,0.2880572,-0.53477824
1668497293935,0.9873835,0.009133021,-0.1580819,0.0,0.012664873,0.9905815,0.13633491,0.0,0.15783823,-0.13661699,0.97796863,0.0,-0.00012852057,0.28076023,-0.5497597,1.0,0.9921116,-0.027258208,0.12235816,0.0,0.0,0.9760729,0.2174436,0.0,-0.1253576,-0.21572833,0.9683733,0.0,0.034885734,0.03132154,0.032057907,1.0,0.013172227,0.28974873,-0.539724,0.9987865,-0.010782593,0.04805444,0.0,0.0,0.9757385,0.218939,0.0,-0.049249303,-0.21867332,0.9745545,0.0,-0.034974836,0.03140982,0.032109607,1.0,-0.009817738,0.28956285,-0.5360219
1668497293952,0.98659027,0.011061981,-0.16284123,0.0,0.010212082,0.99156237,0.12922886,0.0,0.16289674,-0.12915891,0.97815275,0.0,0.00012809702,0.28183463,-0.5506683,1.0,0.9948448,-0.016261108,0.10009721,0.0,0.0,0.98706007,0.16035102,0.0,-0.10140944,-0.15952438,0.98197156,0.0,0.034885734,0.03132154,0.032057907,1.0,0.013448069,0.2909355,-0.54076016,0.99965614,-0.0042272904,0.02587975,0.0,0.0,0.9869206,0.16120711,0.0,-0.026222728,-0.16115168,0.9865812,0.0,-0.034974836,0.03140982,0.032109607,1.0,-0.009523411,0.29070485,-0.5369475
1668497293969,0.9853672,0.013869753,-0.16987985,0.0,0.0069736238,0.99256843,0.1214871,0.0,0.17030236,-0.1208943,0.9779478,0.0,0.00038742175,0.28256217,-0.5511989,1.0,0.9960157,-0.0092855655,0.08869306,0.0,0.0,0.9945643,0.10412418,0.0,-0.0891778,-0.103709325,0.99060166,0.0,0.034941643,0.031302273,0.03199073,1.0,0.013753001,0.29179108,-0.5414815,0.9998837,-0.0015953528,0.015166558,0.0,0.0,0.99451315,0.104611695,0.0,-0.015250234,-0.10459953,0.9943975,0.0,-0.03501854,0.03138119,0.03203749,1.0,-0.009222985,0.29149187,-0.53750145
1668497293986,0.9842523,0.016666915,-0.17598176,0.0,0.0032395031,0.9936771,0.112227716,0.0,0.17673957,-0.1110305,0.977975,0.0,0.000767458,0.2835248,-0.5520219,1.0,0.9956949,-0.007852652,0.09235842,0.0,0.0,0.99640495,0.08471801,0.0,-0.09269165,-0.08435329,0.9921153,0.0,0.034997556,0.03128301,0.03192355,1.0,0.0141640995,0.2928995,-0.5424978,0.9998189,-0.0016203033,0.018961297,0.0,0.0,0.99636877,0.08514288,0.0,-0.019030401,-0.085127465,0.99618834,0.0,-0.035062246,0.031352565,0.031965367,1.0,-0.00881887,0.29253176,-0.5383718
1668497294002,0.9828805,0.01920437,-0.18324147,0.0,-0.00060541776,0.9948843,0.10101999,0.0,0.18424405,-0.099179745,0.9778639,0.0,0.0012534244,0.28467944,-0.5533594,1.0,0.99567485,-0.005918057,0.09271791,0.0,0.0,0.99796915,0.06369901,0.0,-0.09290659,-0.0634235,0.99365276,0.0,0.034997556,0.03128301,0.03192355,1.0,0.014673824,0.2942224,-0.544038,0.9998042,-0.0012672604,0.01974878,0.0,0.0,0.9979475,0.06403734,0.0,-0.019789398,-0.0640248,0.99775213,0.0,-0.035062246,0.031352565,0.031965367,1.0,-0.008277092,0.29379562,-0.53974277
1668497294019,0.9811723,0.022383532,-0.19183362,0.0,-0.004242063,0.9955195,0.09446229,0.0,0.19308846,-0.09187005,0.9768711,0.0,0.0016608606,0.28544638,-0.55369115,1.0,0.9924121,-0.011134994,0.12245081,0.0,0.0,0.9958909,0.090560764,0.0,-0.12295605,-0.0898736,0.9883342,0.0,0.034997556,0.03128301,0.03192355,1.0,0.015117526,0.29511085,-0.544549,0.998775,-0.0045134784,0.049276315,0.0,0.0,0.9958314,0.091213465,0.0,-0.049482588,-0.09110173,0.9946115,0.0,-0.035062246,0.031352565,0.031965367,1.0,-0.0077934596,0.2946099,-0.5400532
1668497294036,0.9797976,0.024557712,-0.19847879,0.0,-0.0070369695,0.99605113,0.08850279,0.0,0.19986844,-0.085318096,0.97610116,0.0,0.00210937,0.2862695,-0.5542567,1.0,0.9912289,-0.0138157895,0.13143203,0.0,0.0,0.99452055,0.10454139,0.0,-0.13215616,-0.10362445,0.98579746,0.0,0.034997556,0.03128301,0.03192355,1.0,0.015593003,0.29603457,-0.54526234,0.9982846,-0.0061683366,0.058222406,0.0,0.0,0.9944347,0.10535477,0.0,-0.05854824,-0.10517404,0.9927288,0.0,-0.035062246,0.031352565,0.031965367,1.0,-0.007285851,0.295483,-0.54061157
1668497294052,0.9772471,0.027586624,-0.21030228,0.0,-0.010265477,0.99649566,0.08301406,0.0,0.21185532,-0.07896645,0.9741056,0.0,0.0024609717,0.28695622,-0.55462617,1.0,0.99087745,-0.012497843,0.13418521,0.0,0.0,0.9956906,0.092737384,0.0,-0.13476597,-0.091891386,0.9866074,0.0,0.034997556,0.03128301,0.03192355,1.0,0.016008738,0.29682887,-0.54584825,0.9981066,-0.005750072,0.061238665,0.0,0.0,0.99562067,0.0934849,0.0,-0.06150803,-0.0933079,0.99373555,0.0,-0.035062246,0.031352565,0.031965367,1.0,-0.0068104602,0.29620665,-0.5409215
1668497294069,0.97506636,0.029382871,-0.2199604,0.0,-0.012173467,0.9967853,0.07918923,0.0,0.22158012,-0.07453701,0.9722893,0.0,0.0029963742,0.2881689,-0.5555534,1.0,0.9890774,-0.013862596,0.14674369,0.0,0.0,0.99556756,0.09404937,0.0,-0.14739701,-0.09302211,0.98469335,0.0,0.034997556,0.03128301,0.03192355,1.0,0.016602289,0.29811266,-0.54694736,0.9972396,-0.0070461067,0.073916025,0.0,0.0,0.9954872,0.094895646,0.0,-0.07425111,-0.0946337,0.99273926,0.0,-0.035062246,0.031352565,0.031965367,1.0,-0.006165892,0.29744855,-0.54179513
1668497294086,0.9726452,0.030340042,-0.23030628,0.0,-0.013880802,0.9972534,0.07275354,0.0,0.23188107,-0.067566656,0.97039485,0.0,0.0033749156,0.2888338,-0.5560402,1.0,0.98999655,-0.012303019,0.14055394,0.0,0.0,0.9961909,0.08719895,0.0,-0.14109136,-0.08632666,0.98622555,0.0,0.034997556,0.03128301,0.03192355,1.0,0.017044395,0.2988678,-0.5476422,0.99768347,-0.0059827836,0.06776321,0.0,0.0,0.9961251,0.08794744,0.0,-0.0680268,-0.08774371,0.99381757,0.0,-0.035062246,0.031352565,0.031965367,1.0,-0.005667139,0.2981814,-0.54224855
1668497294102,0.97025913,0.031175647,-0.24005261,0.0,-0.015345408,0.99759895,0.067534186,0.0,0.2415816,-0.06184206,0.968408,0.0,0.0037499012,0.28948313,-0.5565674,1.0,0.99098593,-0.0104938075,0.13355422,0.0,0.0,0.9969273,0.07833196,0.0,-0.13396585,-0.07762587,0.98794097,0.0,0.034997556,0.03128301,0.03192355,1.0,0.017479498,0.2995914,-0.54835856,0.99813086,-0.0048260116,0.060921647,0.0,0.0,0.9968771,0.07896931,0.0,-0.061112497,-0.078821704,0.9950138,0.0,-0.035062246,0.031352565,0.031965367,1.0,-0.0051762117,0.29888558,-0.5427375
1668497294120,0.9682943,0.030089179,-0.24799381,0.0,-0.0144493915,0.99780375,0.06464601,0.0,0.24939427,-0.059013046,0.9666022,0.0,0.004262329,0.29061642,-0.5573152,1.0,0.99028075,-0.010127666,0.13871378,0.0,0.0,0.99734527,0.07281743,0.0,-0.139083,-0.0721097,0.9876518,0.0,0.034997556,0.03128301,0.03192355,1.0,0.018061485,0.30074424,-0.54924834,0.9977825,-0.0048881685,0.06637862,0.0,0.0,0.9972995,0.07344184,0.0,-0.06655836,-0.073278986,0.995088,0.0,-0.035062246,0.031352565,0.031965367,1.0,-0.0045482107,0.30006388,-0.5434419
1668497294136,0.9660211,0.03033512,-0.2566769,0.0,-0.015025804,0.99800026,0.061397165,0.0,0.25802615,-0.05545413,0.9645451,0.0,0.0047371453,0.29144177,-0.5579263,1.0,0.98951316,-0.011569812,0.14397864,0.0,0.0,0.99678683,0.080099635,0.0,-0.14444275,-0.07925964,0.98633367,0.0,0.034997556,0.03128301,0.03192355,1.0,0.018595625,0.30161238,-0.5500165,0.9974092,-0.0058131944,0.07170082,0.0,0.0,0.9967295,0.08081055,0.0,-0.071936086,-0.080601186,0.9941472,0.0,-0.035062246,0.031352565,0.031965367,1.0,-0.0039608767,0.30092633,-0.5440074
